100 515
1 55
1 60
1 15
1 90
1 22
1 81
1 27
1 43
29 83
29 51
29 28
29 79
29 78
29 4
29 87
29 18
29 53
29 81
29 61
29 6
29 73
29 2
55 74
55 56
55 10
55 72
55 15
55 38
55 13
55 42
55 68
55 71
55 44
55 73
55 2
55 54
16 26
16 23
16 37
16 30
16 32
16 7
16 64
16 46
16 41
16 61
16 27
16 31
74 94
74 89
74 33
74 77
74 6
74 47
74 100
56 92
56 23
56 7
56 80
56 94
56 98
56 57
56 81
56 2
56 34
83 59
83 4
83 18
83 15
83 13
83 21
83 49
83 39
83 17
83 71
8 26
8 9
8 37
8 60
8 47
8 93
10 13
10 52
10 66
10 20
10 17
10 71
10 6
10 86
10 97
10 82
10 91
10 95
51 26
51 40
51 48
51 38
51 90
51 21
51 94
51 49
51 50
51 41
51 27
51 71
51 44
51 2
51 54
92 11
92 18
92 15
92 36
92 94
92 66
92 46
92 41
92 27
92 86
92 43
92 54
14 63
14 7
14 90
14 13
14 94
14 22
14 68
14 67
14 100
26 18
26 21
26 94
26 52
26 3
26 96
26 41
26 81
26 12
59 15
59 21
59 80
59 77
59 49
59 22
59 73
59 82
25 79
25 21
25 80
25 68
25 81
25 71
25 2
25 34
25 31
25 67
25 99
28 72
28 60
28 38
28 85
28 62
28 46
28 20
28 91
28 99
63 60
63 32
63 7
63 98
63 64
63 41
63 76
79 60
79 48
79 94
79 89
79 77
79 49
79 20
79 73
78 37
78 32
78 36
78 85
78 96
78 71
78 99
4 90
4 52
4 3
4 73
4 65
23 9
23 37
23 66
23 41
23 20
23 47
23 34
23 95
23 67
23 100
72 60
72 87
72 35
72 30
72 48
72 5
72 20
72 44
72 97
72 12
9 60
9 11
9 30
9 18
9 19
9 68
9 41
9 82
9 93
9 95
9 12
37 48
37 15
37 19
37 90
37 75
37 2
37 82
37 100
60 87
60 42
60 17
60 86
60 2
60 93
11 87
11 32
11 18
11 77
11 39
11 68
11 96
11 31
87 7
87 22
87 53
87 66
87 97
87 82
87 76
40 35
40 62
40 96
40 57
40 17
40 34
40 54
35 38
35 94
35 46
35 27
35 2
30 7
30 39
30 62
30 5
30 2
30 31
30 82
48 18
48 41
48 75
48 6
48 73
48 97
32 22
32 17
32 82
32 76
18 19
18 57
18 75
18 17
18 82
18 99
7 38
7 33
7 85
7 24
7 96
7 57
7 17
7 47
7 54
7 12
15 36
15 13
15 33
15 88
15 85
15 69
15 58
36 19
36 88
36 39
36 45
36 62
36 57
36 91
19 52
19 53
19 5
19 46
19 97
19 76
19 12
38 85
38 68
38 20
38 27
38 58
38 91
90 13
90 33
90 22
90 70
90 20
90 82
13 94
13 5
13 41
13 75
13 20
13 44
13 6
13 76
13 99
21 33
21 53
21 96
42 89
42 39
42 85
42 3
42 57
42 17
42 6
42 91
42 95
80 52
80 39
80 24
80 57
80 70
80 71
80 6
80 86
80 34
80 82
94 89
94 77
94 49
94 24
94 57
94 70
94 71
94 2
94 12
89 57
89 47
89 86
89 58
89 100
33 50
33 62
33 81
33 82
33 65
77 53
77 68
77 64
77 20
77 81
77 44
77 97
77 12
88 39
88 81
88 17
88 61
88 84
88 6
88 73
88 43
88 65
88 100
49 69
49 70
49 54
50 70
50 81
50 47
50 34
22 73
52 39
52 3
52 62
52 64
52 96
52 34
53 85
53 27
53 6
39 61
39 86
39 97
39 93
85 98
85 66
85 5
85 20
85 82
98 64
98 58
66 62
66 34
66 67
66 100
45 62
45 57
45 6
24 68
68 3
68 41
68 73
68 43
3 17
3 27
62 41
62 20
62 65
62 12
62 99
5 46
5 65
64 97
64 95
69 93
69 54
96 57
96 6
46 84
46 6
46 73
46 58
46 91
57 20
57 61
57 2
75 44
75 93
70 17
70 31
70 82
70 76
70 12
20 81
20 6
20 95
81 17
81 61
81 27
81 47
17 91
61 91
84 6
84 34
84 65
27 91
71 6
71 97
44 6
44 86
44 95
6 86
6 43
6 91
6 54
73 97
73 82
73 93
47 97
47 31
47 93
47 54
47 99
97 82
97 76
43 31
43 58
43 82
34 76
31 100
82 93
82 12
93 76
65 12
54 76
54 12
95 67
95 100
12 100
