200 1997
171 43
171 60
171 6
171 46
171 123
171 84
171 200
171 110
171 42
171 54
171 47
171 30
171 7
171 135
171 41
195 87
195 160
195 58
195 89
195 78
195 88
195 86
195 192
195 140
195 128
195 84
195 138
195 148
195 5
195 22
195 99
195 4
195 154
195 66
195 164
195 21
195 170
189 129
189 37
189 46
189 185
189 58
189 121
189 92
189 78
189 102
189 159
189 44
189 35
189 154
189 79
189 95
189 175
189 164
189 180
189 143
189 36
189 90
189 135
127 166
127 112
127 197
127 55
127 45
127 141
127 84
127 200
127 159
127 177
127 156
127 191
127 119
127 35
127 158
127 175
127 164
127 135
97 65
97 1
97 161
97 185
97 124
97 82
97 94
97 45
97 56
97 102
97 120
97 24
97 128
97 110
97 125
97 177
97 109
97 13
97 5
97 115
97 22
97 74
97 181
97 196
9 11
9 134
9 57
9 61
9 86
9 81
9 128
9 25
9 108
9 184
9 40
9 133
9 144
9 162
9 172
103 72
103 166
103 80
103 124
103 93
103 113
103 45
103 188
103 159
103 71
103 13
103 152
103 63
103 28
103 98
103 181
103 187
103 157
103 135
103 41
34 10
34 174
34 27
34 185
34 80
34 76
34 113
34 177
34 191
34 98
34 180
34 170
198 112
198 80
198 93
198 88
198 69
198 102
198 194
198 22
198 4
198 35
198 142
198 63
198 28
198 64
198 176
198 196
10 11
10 65
10 106
10 134
10 199
10 76
10 102
10 40
10 22
10 144
10 48
10 152
10 74
10 7
10 16
10 170
129 117
129 160
129 6
129 190
129 20
129 113
129 148
129 184
129 83
129 158
129 63
129 162
129 98
129 16
129 21
72 166
72 179
72 100
72 96
72 120
72 81
72 25
72 138
72 184
72 150
72 144
72 142
72 7
72 18
72 98
72 180
72 187
72 90
72 135
72 21
72 31
105 8
105 17
105 87
105 77
105 178
105 68
105 61
105 104
105 78
105 94
105 88
105 113
105 56
105 25
105 159
105 83
105 119
105 48
105 35
105 85
105 196
105 31
166 179
166 183
166 1
166 169
166 87
166 77
166 197
166 59
166 33
166 161
166 173
166 82
166 123
166 138
166 108
166 110
166 12
166 2
166 51
166 115
166 182
166 162
166 90
166 157
166 31
52 155
52 145
52 134
52 57
52 80
52 121
52 92
52 141
52 184
52 109
52 79
52 63
52 67
52 90
179 65
179 17
179 6
179 46
179 76
179 124
179 100
179 200
179 177
179 42
179 14
179 29
179 74
179 162
179 28
179 164
179 181
179 193
179 16
179 170
151 126
151 17
151 60
151 153
151 3
151 87
151 199
151 62
151 89
151 78
151 141
151 137
151 38
151 133
151 182
151 142
151 18
151 98
151 85
151 176
151 139
37 46
37 185
37 61
37 62
37 186
37 120
37 141
37 128
37 188
37 148
37 114
37 109
37 131
37 48
37 63
37 90
11 178
11 68
11 121
11 89
11 88
11 69
11 113
11 120
11 144
11 26
11 85
11 136
183 65
183 15
183 132
183 58
183 120
183 159
183 22
183 154
183 142
183 63
183 28
183 180
183 90
183 196
43 117
43 91
43 15
43 197
43 33
43 68
43 186
43 146
43 92
43 110
43 114
43 184
43 42
43 5
43 19
43 131
43 172
43 98
43 196
174 1
174 6
174 33
174 145
174 134
174 55
174 88
174 167
174 81
174 159
174 38
174 109
174 13
174 133
174 99
174 79
174 175
174 187
174 90
174 157
174 135
155 121
155 86
155 96
155 12
155 50
155 156
155 133
155 48
155 35
155 158
155 18
155 172
112 169
112 15
112 6
112 106
112 132
112 89
112 123
112 42
112 4
112 29
112 26
112 30
112 63
8 17
8 3
8 15
8 190
8 161
8 113
8 123
8 188
8 148
8 101
8 119
8 48
8 182
8 172
8 28
8 64
8 176
126 65
126 132
126 61
126 39
126 118
126 24
126 128
126 108
126 109
126 19
126 150
126 99
126 14
126 158
126 142
126 116
27 65
27 17
27 57
27 199
27 124
27 89
27 69
27 45
27 5
27 14
27 48
27 154
27 30
27 63
27 95
27 53
27 135
65 33
65 178
65 104
65 100
65 118
65 86
65 108
65 159
65 32
65 4
65 30
65 172
65 21
17 153
17 190
17 132
17 145
17 134
17 62
17 39
17 165
17 75
17 100
17 96
17 147
17 167
17 141
17 114
17 177
17 13
17 51
17 48
17 182
17 157
17 41
163 130
163 169
163 132
163 134
163 69
163 147
163 141
163 24
163 114
163 29
163 74
163 172
163 64
163 157
163 170
130 91
130 62
130 120
130 24
130 188
130 182
130 111
130 7
130 67
1 117
1 77
1 55
1 146
1 118
1 45
1 141
1 123
1 159
1 114
1 51
1 150
1 162
1 18
1 136
117 160
117 197
117 6
117 33
117 178
117 145
117 80
117 75
117 94
117 88
117 69
117 147
117 70
117 84
117 159
117 125
117 177
117 32
117 47
117 29
117 26
117 154
117 49
117 64
117 98
60 106
60 58
60 39
60 100
60 194
60 125
60 4
60 154
60 95
60 28
60 98
60 136
60 90
153 169
153 106
153 178
153 122
153 61
153 173
153 165
153 104
153 88
153 141
153 81
153 159
153 71
153 83
153 4
153 73
153 162
153 180
169 24
169 108
169 71
169 177
169 101
169 2
169 175
169 170
3 197
3 134
3 146
3 75
3 147
3 184
3 71
3 125
3 156
3 13
3 5
3 150
3 154
3 142
3 162
3 149
3 180
3 136
3 16
3 196
3 31
87 197
87 190
87 199
87 80
87 120
87 159
87 114
87 83
87 38
87 177
87 101
87 109
87 191
87 13
87 150
87 48
87 49
87 7
87 164
87 180
87 196
87 139
91 59
91 62
91 173
91 55
91 82
91 96
91 123
91 81
91 148
91 71
91 191
91 13
91 115
91 187
160 39
160 186
160 165
160 167
160 137
160 54
160 14
160 154
160 30
160 95
160 168
160 28
160 85
160 67
77 106
77 178
77 45
77 24
77 148
77 133
77 119
77 154
77 79
77 66
77 95
77 149
77 139
15 33
15 178
15 68
15 76
15 100
15 118
15 45
15 102
15 141
15 71
15 83
15 191
15 22
15 99
15 26
15 182
15 35
15 175
197 106
197 199
197 80
197 39
197 141
197 24
197 184
197 83
197 38
197 4
197 30
197 66
197 176
59 57
59 39
59 89
59 82
59 12
59 71
59 177
59 4
59 79
59 66
6 190
6 199
6 146
6 96
6 81
6 138
6 108
6 40
6 22
6 47
6 44
6 152
6 154
6 49
6 23
6 193
6 157
46 68
46 122
46 61
46 62
46 146
46 75
46 84
46 40
46 14
46 144
46 74
46 18
46 107
46 64
46 193
46 157
46 196
33 106
33 132
33 57
33 20
33 80
33 104
33 100
33 94
33 141
33 177
33 101
33 119
33 19
33 47
33 44
33 152
33 66
33 95
33 23
33 85
33 193
33 196
190 106
190 186
190 55
190 89
190 192
190 102
190 188
190 108
190 40
190 51
190 64
190 149
190 187
161 134
161 58
161 118
161 192
161 102
161 108
161 200
161 13
161 131
161 29
161 142
161 170
106 146
106 124
106 89
106 75
106 82
106 88
106 86
106 110
106 159
106 125
106 42
106 2
106 5
106 19
106 22
106 54
106 4
106 47
106 29
106 26
106 35
106 7
106 21
106 170
132 178
132 173
132 121
132 147
132 56
132 141
132 114
132 71
132 5
132 99
132 14
132 111
132 49
132 142
132 53
132 85
132 139
132 170
132 31
178 39
178 78
178 167
178 123
178 128
178 137
178 109
178 13
178 32
178 133
178 14
178 144
178 47
178 48
178 182
178 164
178 180
145 122
145 148
145 49
145 63
145 164
145 67
185 173
185 104
185 88
185 147
185 38
185 191
185 51
185 19
185 111
185 66
185 98
185 90
185 176
185 41
134 146
134 165
134 82
134 88
134 45
134 102
134 159
134 38
134 101
134 133
134 14
134 4
134 111
134 18
134 67
134 176
68 39
68 69
68 194
68 84
68 50
68 51
68 115
68 22
68 144
68 44
68 35
68 79
68 74
68 67
57 124
57 121
57 94
57 200
57 159
57 12
57 71
57 54
57 4
57 182
57 64
57 149
57 98
57 36
57 176
57 31
58 186
58 93
58 118
58 194
58 123
58 108
58 114
58 38
58 109
58 144
58 180
58 41
122 75
122 69
122 113
122 96
122 70
122 81
122 138
122 107
122 172
122 28
199 165
199 104
199 78
199 69
199 113
199 137
199 71
199 13
199 14
199 144
199 4
199 47
199 35
199 142
199 95
199 149
199 85
199 193
199 67
199 170
61 75
61 118
61 69
61 188
61 148
61 137
61 184
61 13
61 99
61 182
61 35
61 154
61 79
61 95
61 53
61 18
61 23
61 67
61 116
61 21
61 170
62 92
62 94
62 167
62 141
62 38
62 109
62 51
62 133
62 19
62 182
62 158
62 142
62 28
62 98
62 85
62 143
20 55
20 167
20 25
20 110
20 71
20 177
20 109
20 51
20 119
20 115
20 131
20 144
20 44
20 152
20 23
20 136
20 36
80 186
80 92
80 78
80 88
80 69
80 56
80 22
80 4
80 182
80 172
80 136
80 67
173 113
173 56
173 120
173 200
173 148
173 50
173 150
173 79
173 28
173 164
39 124
39 93
39 38
39 150
39 182
39 73
39 49
39 168
39 28
39 41
39 31
186 76
186 75
186 104
186 69
186 12
186 50
186 125
186 42
186 30
186 95
55 76
55 104
55 92
55 93
55 86
55 192
55 128
55 84
55 114
55 137
55 125
55 38
55 32
55 119
55 22
55 73
55 162
55 16
55 157
55 139
76 93
76 70
76 81
76 188
76 110
76 148
76 114
76 83
76 47
76 26
76 79
76 49
76 53
76 107
76 136
76 135
146 89
146 56
146 140
146 191
146 2
146 44
146 23
146 135
165 70
165 141
165 51
165 111
165 63
165 67
124 75
124 82
124 94
124 86
124 194
124 25
124 177
124 19
124 99
124 30
124 73
124 63
124 64
124 164
124 98
124 139
124 31
121 100
121 141
121 140
121 81
121 128
121 138
121 13
121 5
121 22
121 144
121 48
121 23
121 136
121 67
121 90
89 88
89 86
89 194
89 159
89 51
89 35
89 79
89 73
89 142
89 63
89 53
89 18
89 187
89 196
75 86
75 113
75 45
75 192
75 108
75 159
75 125
75 191
75 47
75 7
75 53
75 18
104 86
104 45
104 24
104 177
104 2
104 144
104 47
104 18
104 23
104 36
104 41
92 96
92 123
92 188
92 184
92 99
92 4
92 152
92 168
92 135
92 139
92 31
78 118
78 45
78 159
78 42
78 115
78 142
78 63
78 18
78 172
78 143
78 16
78 31
82 94
82 93
82 192
82 141
82 150
82 47
82 26
82 66
82 175
82 67
82 116
82 170
100 86
100 159
100 12
100 148
100 114
100 50
100 71
100 156
100 180
94 118
94 70
94 141
94 128
94 84
94 200
94 83
94 32
94 119
94 19
94 182
94 152
94 35
94 73
94 187
93 141
93 148
93 40
93 150
93 14
93 74
93 7
93 90
93 170
93 31
118 184
118 156
118 13
118 51
118 54
118 66
118 7
118 168
118 64
118 175
118 98
118 180
118 157
118 196
118 170
88 56
88 102
88 200
88 114
88 156
88 191
88 32
88 115
88 99
88 54
88 144
88 48
88 30
88 21
69 113
69 24
69 81
69 25
69 138
69 137
69 191
69 133
69 119
69 4
69 48
69 152
69 158
69 49
69 63
69 18
69 149
69 136
86 140
86 81
86 110
86 159
86 12
86 19
86 48
86 143
86 157
113 24
113 25
113 148
113 2
113 79
113 175
113 157
45 128
45 7
45 23
45 136
96 140
96 108
96 114
96 99
96 47
96 29
96 73
96 175
96 98
96 90
96 135
96 41
147 102
147 84
147 184
147 156
147 115
147 131
147 79
147 175
147 193
56 81
56 84
56 125
56 83
56 32
56 133
56 5
56 19
56 22
56 4
56 111
56 172
56 16
56 67
192 194
192 38
192 51
192 115
192 131
192 26
192 111
192 63
192 149
192 143
167 70
167 128
167 148
167 177
167 42
167 111
167 162
167 64
167 193
102 108
102 137
102 2
102 28
102 16
102 31
120 128
120 109
120 51
120 115
120 150
120 144
120 73
120 64
120 41
120 31
194 12
194 50
194 191
194 13
194 22
194 150
194 144
194 79
194 28
194 143
194 36
194 16
194 41
194 196
70 141
70 123
70 84
70 110
70 109
70 131
70 154
70 49
70 18
70 149
70 143
141 110
141 2
141 133
141 119
141 182
141 79
141 168
141 181
141 36
140 81
140 159
140 137
140 38
140 119
140 19
140 115
140 150
140 131
140 29
140 182
140 53
140 23
140 181
24 50
24 101
24 156
24 51
24 119
24 99
24 14
24 158
24 23
24 149
24 143
24 90
24 116
123 115
123 44
123 26
123 152
123 28
123 41
81 22
81 26
81 154
81 193
81 170
128 71
128 38
128 101
128 51
128 53
128 18
128 64
128 36
188 137
188 184
188 83
188 28
188 149
188 98
188 143
188 21
84 83
84 22
84 131
84 149
84 157
25 148
25 71
25 83
25 133
25 150
25 47
25 44
25 48
25 172
25 64
25 164
25 143
138 13
138 73
138 172
138 98
138 187
138 67
138 157
138 170
108 200
108 83
108 109
108 115
108 99
108 158
108 142
108 28
108 170
200 137
200 54
200 168
200 172
200 85
200 136
200 16
110 50
110 51
110 133
110 144
110 7
110 180
110 176
159 156
159 19
159 28
159 85
159 41
159 196
159 21
12 50
12 83
12 51
12 5
12 144
12 4
12 154
12 30
12 142
12 85
12 193
12 176
148 83
148 109
148 131
148 29
148 48
148 63
148 168
148 18
148 28
148 180
148 187
148 16
114 42
114 5
114 30
114 158
114 73
114 18
114 64
114 175
114 23
137 125
137 177
137 22
137 4
137 48
137 30
137 74
137 158
137 7
137 28
137 64
137 23
137 181
137 116
137 41
137 196
137 21
137 139
137 31
184 2
184 26
184 95
184 7
184 193
184 157
184 196
184 21
50 125
50 83
50 14
50 154
50 30
50 53
50 23
50 85
50 21
71 42
71 48
71 30
71 142
71 63
71 7
71 18
71 180
125 109
125 182
125 152
125 74
125 66
125 64
125 90
125 176
125 41
83 40
83 22
83 54
83 14
83 144
83 44
83 48
83 107
83 143
83 176
83 170
83 31
38 101
38 40
38 111
38 73
38 95
38 53
38 172
38 180
177 131
177 4
177 30
177 66
177 95
177 7
177 53
101 51
101 119
101 115
101 150
101 73
101 142
101 18
101 180
101 36
101 16
101 116
101 135
101 196
101 170
156 42
156 99
156 14
156 144
156 47
156 182
156 154
156 74
156 168
156 107
156 64
156 157
156 21
156 139
109 133
109 144
109 182
109 107
109 23
109 181
109 193
109 187
191 2
191 111
42 19
42 150
42 99
42 4
42 154
42 79
42 53
42 176
40 22
40 47
40 168
40 18
40 175
40 136
40 67
2 131
2 111
2 168
2 149
2 90
2 116
2 135
13 22
13 26
13 66
13 107
13 36
13 116
13 41
32 158
32 53
32 149
32 143
32 116
51 49
51 142
51 63
51 162
51 85
51 143
133 19
133 182
133 154
133 158
133 73
133 66
133 162
133 107
133 175
133 143
133 193
119 152
119 98
119 196
119 139
5 22
5 182
5 95
5 107
5 149
19 14
19 144
19 152
19 30
19 162
19 23
19 193
19 67
19 176
115 4
115 29
115 30
115 66
115 162
115 175
115 16
22 54
22 131
22 47
22 142
22 168
22 18
22 172
22 36
22 16
22 176
22 170
150 144
150 154
150 30
150 73
150 95
150 172
150 64
150 85
150 143
99 54
99 14
99 182
99 111
99 73
99 168
99 107
99 98
99 176
54 111
54 73
54 85
54 143
54 16
54 116
54 176
54 21
131 158
131 73
131 95
131 36
131 187
131 90
14 74
14 73
14 66
14 53
14 18
14 181
14 143
14 135
14 139
144 4
144 29
144 73
144 7
144 23
144 164
144 85
144 187
144 170
4 74
4 172
4 181
4 41
47 44
47 79
47 158
47 111
29 49
29 66
29 142
29 18
29 180
29 187
29 157
29 176
29 21
44 66
44 28
44 180
44 90
44 116
44 176
48 158
48 142
48 175
48 143
48 187
26 7
26 67
182 35
182 154
182 79
182 16
182 170
182 31
152 154
152 162
152 18
152 23
152 170
152 31
35 154
35 66
35 53
35 149
35 36
35 90
35 116
35 139
154 66
154 175
154 193
154 196
154 139
79 7
79 175
79 180
79 85
79 143
79 31
30 49
30 162
30 53
30 107
30 28
30 187
74 53
74 172
74 28
74 175
74 16
158 162
158 53
158 107
158 175
158 180
158 67
158 116
158 157
158 196
111 95
111 172
111 23
111 98
111 85
111 193
111 176
111 196
73 168
73 98
49 28
49 64
49 180
49 41
66 63
66 7
66 149
66 41
66 139
142 64
142 21
142 31
63 107
63 187
63 21
95 162
95 28
95 181
95 187
162 181
162 136
162 135
162 31
168 180
168 187
168 116
168 176
53 18
53 23
53 136
53 116
18 16
172 149
172 180
172 139
172 31
28 64
28 180
28 36
175 16
175 21
23 180
23 181
23 176
149 16
149 196
98 85
180 16
180 176
181 193
181 67
85 90
85 157
143 187
143 67
193 21
36 16
36 139
187 170
90 116
90 196
116 157
116 176
176 196
135 170
41 21
