500 12570
43 119
43 110
43 90
43 169
43 383
43 301
43 456
43 358
43 379
43 12
43 117
43 254
43 202
43 141
43 107
43 251
43 55
43 126
43 183
43 163
43 222
43 243
43 257
43 298
43 392
43 253
43 449
43 316
43 424
43 161
43 282
43 20
43 446
43 348
43 297
43 205
43 317
43 487
43 391
43 303
43 49
43 239
43 452
43 249
43 435
43 226
43 355
43 295
43 481
43 484
43 459
43 398
240 65
240 286
240 93
240 57
240 152
240 438
240 216
240 444
240 79
240 6
240 64
240 251
240 156
240 306
240 116
240 192
240 450
240 177
240 121
240 399
240 390
240 453
240 71
240 373
240 338
240 46
240 161
240 59
240 282
240 370
240 211
240 101
240 307
240 303
240 31
240 394
240 188
240 445
240 315
240 41
240 128
240 198
240 478
3 471
3 90
3 301
3 58
3 358
3 8
3 208
3 124
3 132
3 134
3 342
3 153
3 64
3 262
3 251
3 311
3 200
3 334
3 278
3 5
3 217
3 223
3 89
3 176
3 360
3 82
3 115
3 276
3 144
3 298
3 280
3 343
3 139
3 424
3 238
3 362
3 225
3 387
3 491
3 347
3 329
3 299
3 417
3 317
3 146
3 271
3 428
3 394
3 341
3 337
3 484
3 488
237 11
237 35
237 414
237 138
237 464
237 58
237 60
237 74
237 87
237 496
237 465
237 361
237 132
237 48
237 107
237 158
237 116
237 189
237 204
237 294
237 222
237 89
237 281
237 423
237 115
237 343
237 91
237 308
237 312
237 449
237 59
237 348
237 101
237 387
237 377
237 129
237 412
237 241
237 341
237 421
237 448
237 479
237 473
214 286
214 30
214 389
214 482
214 464
214 57
214 379
214 366
214 465
214 117
214 254
214 124
214 209
214 311
214 172
214 378
214 200
214 204
214 395
214 294
214 77
214 21
214 259
214 312
214 316
214 424
214 495
214 338
214 83
214 371
214 78
214 282
214 346
214 218
214 469
214 376
214 415
214 393
214 417
214 396
214 489
214 486
214 14
214 470
214 467
214 295
214 475
214 484
214 398
214 480
119 309
119 32
119 123
119 25
119 142
119 220
119 285
119 413
119 124
119 136
119 164
119 36
119 70
119 5
119 44
119 408
119 243
119 84
119 82
119 454
119 151
119 259
119 91
119 253
119 88
119 267
119 338
119 339
119 264
119 499
119 367
119 485
119 394
119 38
119 61
119 33
119 353
42 434
42 75
42 407
42 309
42 443
42 23
42 169
42 356
42 138
42 125
42 85
42 80
42 102
42 143
42 131
42 361
42 497
42 342
42 306
42 189
42 192
42 334
42 395
42 207
42 245
42 275
42 281
42 166
42 312
42 97
42 9
42 339
42 178
42 268
42 393
42 205
42 317
42 157
42 194
42 167
42 457
42 428
42 239
42 249
42 409
42 226
221 16
221 430
221 18
221 301
221 464
221 125
221 426
221 74
221 133
221 247
221 366
221 164
221 55
221 173
221 425
221 349
221 357
221 44
221 275
221 274
221 186
221 224
221 236
221 144
221 71
221 388
221 462
221 39
221 400
221 253
221 449
221 316
221 424
221 97
221 59
221 351
221 22
221 416
221 108
221 491
221 165
221 330
221 365
221 396
221 487
221 62
221 140
221 188
221 445
221 315
221 226
221 477
221 295
221 160
221 484
221 459
221 374
11 24
11 443
11 30
11 169
11 18
11 464
11 93
11 81
11 94
11 120
11 104
11 366
11 208
11 130
11 149
11 6
11 311
11 189
11 204
11 52
11 432
11 231
11 176
11 224
11 270
11 388
11 424
11 267
11 338
11 238
11 266
11 203
11 469
11 330
11 205
11 499
11 363
11 439
11 61
11 411
11 440
11 7
11 488
11 19
434 471
434 430
434 13
434 152
434 67
434 133
434 87
434 120
434 135
434 130
434 202
434 290
434 472
434 319
434 159
434 251
434 126
434 378
434 419
434 92
434 15
434 222
434 405
434 461
434 433
434 121
434 274
434 305
434 51
434 431
434 280
434 175
434 348
434 297
434 108
434 197
434 415
434 499
434 303
434 31
434 249
434 486
434 479
434 350
434 467
75 65
75 407
75 326
75 430
75 414
75 69
75 58
75 37
75 103
75 135
75 159
75 107
75 251
75 311
75 306
75 183
75 200
75 204
75 372
75 180
75 432
75 222
75 386
75 461
75 274
75 423
75 305
75 236
75 270
75 279
75 144
75 298
75 373
75 483
75 261
75 20
75 351
75 268
75 393
75 396
75 402
75 391
75 445
75 479
75 435
75 463
75 467
75 337
75 440
75 7
75 398
248 471
248 309
248 169
248 147
248 4
248 106
248 86
248 420
248 190
248 130
248 155
248 196
248 262
248 158
248 189
248 199
248 372
248 21
248 121
248 115
248 298
248 462
248 400
248 312
248 148
248 182
248 161
248 348
248 346
248 178
248 14
248 467
248 145
248 295
248 478
248 7
269 326
269 482
269 301
269 147
269 456
269 260
269 438
269 106
269 120
269 135
269 254
269 130
269 288
269 196
269 179
269 418
269 116
269 204
269 199
269 382
269 405
269 223
269 236
269 230
269 373
269 292
269 304
269 483
269 46
269 368
269 211
269 101
269 263
269 225
269 491
269 415
269 428
269 170
269 249
269 486
269 212
269 474
269 229
269 122
65 110
65 482
65 414
65 138
65 1
65 147
65 58
65 289
65 4
65 220
65 87
65 318
65 381
65 143
65 26
65 79
65 418
65 311
65 55
65 189
65 386
65 89
65 274
65 186
65 423
65 305
65 399
65 298
65 292
65 88
65 267
65 371
65 78
65 266
65 368
65 364
65 299
65 417
65 194
65 47
65 320
65 448
65 463
65 295
65 440
65 437
98 174
98 85
98 57
98 58
98 397
98 358
98 287
98 273
98 106
98 496
98 111
98 254
98 208
98 136
98 153
98 164
98 173
98 50
98 294
98 53
98 450
98 433
98 258
98 279
98 276
98 233
98 151
98 293
98 39
98 400
98 284
98 161
98 20
98 446
98 322
98 297
98 225
98 310
98 415
98 255
98 487
98 412
98 489
98 38
98 61
98 226
98 467
98 411
98 7
98 398
98 235
98 451
98 410
16 30
16 23
16 169
16 1
16 150
16 426
16 60
16 273
16 133
16 328
16 143
16 366
16 117
16 497
16 48
16 164
16 171
16 382
16 405
16 89
16 84
16 331
16 257
16 462
16 9
16 78
16 348
16 416
16 264
16 272
16 401
16 487
16 489
16 28
16 452
16 385
16 479
16 435
16 226
16 145
16 295
16 488
16 492
16 19
286 407
286 256
286 18
286 93
286 456
286 273
286 216
286 37
286 379
286 12
286 105
286 143
286 63
286 319
286 64
286 55
286 92
286 432
286 405
286 177
286 234
286 433
286 176
286 257
286 276
286 373
286 454
286 343
286 462
286 2
286 392
286 97
286 182
286 95
286 335
286 59
286 282
286 348
286 313
286 264
286 178
286 218
286 365
286 417
286 181
286 402
286 344
286 489
286 140
286 375
286 470
286 411
286 480
286 235
286 451
407 174
407 24
407 90
407 227
407 456
407 232
407 67
407 4
407 287
407 80
407 328
407 318
407 285
407 8
407 413
407 420
407 190
407 319
407 159
407 107
407 50
407 294
407 207
407 245
407 283
407 113
407 176
407 29
407 246
407 424
407 267
407 95
407 427
407 282
407 108
407 45
407 346
407 491
407 458
407 66
407 62
407 146
407 457
407 239
407 439
407 375
407 474
407 355
407 40
407 492
407 374
407 480
471 90
471 326
471 147
471 232
471 58
471 56
471 254
471 288
471 6
471 251
471 116
471 54
471 163
471 302
471 395
471 433
471 236
471 206
471 265
471 95
471 127
471 59
471 78
471 282
471 446
471 416
471 436
471 362
471 364
471 197
471 118
471 376
471 377
471 401
471 402
471 363
471 49
471 428
471 385
471 479
471 435
471 128
471 411
471 160
471 40
471 459
471 7
471 451
110 123
110 30
110 426
110 57
110 72
110 142
110 105
110 143
110 117
110 498
110 155
110 418
110 429
110 183
110 395
110 231
110 325
110 408
110 243
110 176
110 186
110 331
110 257
110 454
110 253
110 312
110 109
110 97
110 161
110 101
110 45
110 310
110 241
110 445
110 320
110 375
110 41
110 33
110 321
110 467
110 145
110 295
110 160
110 478
110 484
174 326
174 169
174 430
174 356
174 147
174 397
174 247
174 403
174 105
174 314
174 497
174 149
174 64
174 164
174 36
174 278
174 53
174 21
174 89
174 84
174 185
174 373
174 293
174 39
174 400
174 284
174 97
174 9
174 404
174 313
174 165
174 324
174 485
174 406
174 341
174 198
174 160
174 40
174 437
309 443
309 482
309 138
309 13
309 426
309 69
309 58
309 289
309 220
309 106
309 114
309 103
309 104
309 8
309 380
309 168
309 134
309 26
309 189
309 17
309 53
309 325
309 121
309 298
309 154
309 261
309 213
309 46
309 238
309 348
309 108
309 436
309 203
309 118
309 469
309 417
309 396
309 367
309 406
309 62
309 167
309 320
309 277
309 478
309 484
32 123
32 23
32 389
32 1
32 232
32 58
32 260
32 220
32 285
32 120
32 104
32 135
32 420
32 380
32 141
32 497
32 196
32 153
32 50
32 77
32 283
32 461
32 408
32 201
32 82
32 280
32 373
32 233
32 462
32 39
32 187
32 148
32 182
32 213
32 127
32 371
32 238
32 59
32 108
32 264
32 129
32 415
32 205
32 401
32 457
32 239
32 439
32 320
32 212
32 128
32 184
32 477
32 198
32 451
24 500
24 1
24 18
24 133
24 87
24 285
24 27
24 99
24 143
24 134
24 314
24 288
24 384
24 159
24 126
24 116
24 100
24 70
24 334
24 207
24 5
24 15
24 222
24 231
24 113
24 433
24 185
24 250
24 274
24 166
24 144
24 284
24 312
24 261
24 327
24 59
24 101
24 364
24 469
24 487
24 140
24 394
24 341
24 212
24 359
24 353
24 229
90 389
90 58
90 289
90 56
90 210
90 72
90 219
90 87
90 318
90 442
90 27
90 381
90 112
90 288
90 179
90 319
90 384
90 64
90 164
90 425
90 429
90 158
90 349
90 357
90 461
90 243
90 185
90 305
90 230
90 215
90 323
90 343
90 392
90 284
90 304
90 148
90 446
90 322
90 347
90 415
90 487
90 363
90 62
90 31
90 188
90 385
90 479
90 409
90 128
90 355
90 7
90 466
90 488
90 451
326 443
326 356
326 482
326 138
326 1
326 85
326 57
326 58
326 397
326 72
326 12
326 336
326 131
326 208
326 444
326 55
326 171
326 173
326 183
326 278
326 245
326 432
326 77
326 191
326 461
326 121
326 201
326 186
326 257
326 399
326 215
326 279
326 115
326 276
326 39
326 392
326 284
326 109
326 261
326 449
326 267
326 213
326 9
326 404
326 161
326 322
326 416
326 264
326 330
326 66
326 140
326 486
326 320
326 435
326 409
326 33
326 40
326 459
326 488
123 414
123 426
123 289
123 358
123 273
123 133
123 219
123 86
123 114
123 442
123 12
123 105
123 143
123 111
123 413
123 498
123 444
123 472
123 311
123 55
123 172
123 333
123 378
123 54
123 349
123 352
123 455
123 372
123 332
123 217
123 77
123 244
123 276
123 431
123 388
123 343
123 462
123 2
123 392
123 206
123 213
123 265
123 95
123 291
123 161
123 339
123 282
123 351
123 22
123 354
123 108
123 218
123 330
123 205
123 157
123 489
123 146
123 188
123 359
123 184
123 229
123 198
123 440
123 466
123 490
123 398
123 480
123 122
443 500
443 56
443 120
443 131
443 79
443 384
443 311
443 429
443 395
443 332
443 15
443 275
443 231
443 360
443 186
443 270
443 39
443 154
443 253
443 312
443 449
443 316
443 46
443 127
443 266
443 211
443 351
443 225
443 387
443 317
443 402
443 485
443 391
443 167
443 188
443 341
443 337
443 459
443 398
443 122
256 30
256 430
256 482
256 58
256 25
256 152
256 67
256 438
256 72
256 74
256 80
256 381
256 117
256 413
256 190
256 130
256 472
256 209
256 48
256 179
256 378
256 352
256 217
256 386
256 244
256 274
256 257
256 323
256 453
256 343
256 267
256 404
256 238
256 282
256 370
256 364
256 268
256 415
256 402
256 303
256 344
256 49
256 62
256 489
256 47
256 140
256 188
256 341
256 128
256 463
256 145
256 337
256 490
256 492
256 480
256 410
30 57
30 287
30 285
30 137
30 104
30 111
30 179
30 149
30 64
30 171
30 183
30 70
30 294
30 283
30 113
30 244
30 201
30 84
30 186
30 331
30 423
30 431
30 343
30 187
30 304
30 327
30 88
30 175
30 95
30 238
30 427
30 218
30 469
30 66
30 310
30 299
30 255
30 157
30 31
30 249
30 439
30 41
30 463
30 295
500 93
500 438
500 142
500 219
500 285
500 137
500 63
500 112
500 366
500 465
500 179
500 251
500 493
500 306
500 378
500 50
500 199
500 185
500 331
500 215
500 388
500 300
500 2
500 187
500 316
500 95
500 282
500 348
500 263
500 203
500 310
500 402
500 367
500 14
500 409
500 229
500 40
500 480
500 122
23 482
23 18
23 301
23 125
23 289
23 397
23 260
23 4
23 328
23 496
23 403
23 104
23 105
23 112
23 465
23 254
23 361
23 141
23 311
23 172
23 183
23 332
23 369
23 195
23 408
23 82
23 423
23 187
23 304
23 109
23 449
23 46
23 335
23 348
23 263
23 364
23 218
23 197
23 299
23 367
23 271
23 41
23 409
23 145
23 229
23 484
23 480
169 35
169 301
169 456
169 358
169 133
169 37
169 86
169 137
169 403
169 112
169 208
169 444
169 252
169 173
169 425
169 306
169 357
169 199
169 395
169 207
169 92
169 180
169 369
169 382
169 433
169 121
169 186
169 423
169 151
169 300
169 259
169 338
169 404
169 371
169 436
169 387
169 499
169 460
169 367
169 38
169 435
169 128
169 481
169 488
169 19
169 122
389 356
389 482
389 138
389 210
389 358
389 142
389 80
389 328
389 285
389 137
389 12
389 444
389 314
389 179
389 76
389 493
389 425
389 50
389 183
389 200
389 204
389 294
389 245
389 408
389 89
389 185
389 250
389 423
389 51
389 91
389 39
389 296
389 304
389 206
389 424
389 495
389 95
389 348
389 197
389 347
389 205
389 181
389 401
389 344
389 31
389 140
389 394
389 375
389 448
389 474
389 463
389 184
389 295
389 411
389 160
389 193
389 451
35 150
35 301
35 57
35 358
35 4
35 74
35 133
35 216
35 285
35 111
35 117
35 444
35 422
35 378
35 163
35 204
35 5
35 44
35 283
35 230
35 270
35 280
35 71
35 187
35 392
35 316
35 338
35 95
35 370
35 446
35 108
35 225
35 412
35 146
35 31
35 421
35 320
35 41
35 128
35 459
35 488
430 138
430 227
430 150
430 4
430 87
430 285
430 137
430 403
430 420
430 208
430 124
430 141
430 149
430 126
430 70
430 278
430 283
430 433
430 201
430 51
430 298
430 71
430 284
430 109
430 327
430 316
430 339
430 446
430 322
430 362
430 225
430 376
430 347
430 310
430 329
430 255
430 367
430 28
430 10
430 271
430 47
430 241
430 170
430 341
430 249
430 474
430 435
430 73
430 440
430 466
430 492
430 410
356 482
356 456
356 232
356 58
356 152
356 273
356 74
356 102
356 135
356 143
356 34
356 48
356 76
356 64
356 163
356 70
356 228
356 294
356 332
356 283
356 461
356 201
356 84
356 258
356 230
356 441
356 323
356 390
356 280
356 454
356 151
356 308
356 327
356 78
356 368
356 354
356 178
356 387
356 66
356 417
356 49
356 489
356 146
356 452
356 486
356 385
356 320
356 212
356 61
356 467
356 475
356 459
356 374
356 193
482 138
482 444
482 209
482 141
482 251
482 493
482 116
482 199
482 302
482 432
482 222
482 195
482 231
482 113
482 258
482 51
482 215
482 71
482 462
482 424
482 213
482 175
482 291
482 127
482 20
482 101
482 22
482 313
482 330
482 66
482 299
482 205
482 460
482 194
482 350
482 353
482 473
482 484
414 289
414 67
414 438
414 220
414 137
414 498
414 134
414 196
414 153
414 384
414 116
414 204
414 53
414 222
414 386
414 223
414 236
414 441
414 399
414 390
414 276
414 187
414 213
414 335
414 22
414 118
414 330
414 458
414 129
414 347
414 393
414 401
414 485
414 239
414 447
414 479
414 409
414 73
414 475
414 198
414 440
414 437
414 490
414 19
138 1
138 18
138 150
138 147
138 93
138 289
138 358
138 247
138 106
138 442
138 27
138 336
138 112
138 190
138 168
138 342
138 79
138 76
138 159
138 262
138 164
138 493
138 173
138 158
138 200
138 302
138 77
138 44
138 224
138 423
138 454
138 388
138 343
138 91
138 2
138 400
138 392
138 483
138 206
138 267
138 339
138 351
138 45
138 264
138 458
138 365
138 299
138 393
138 205
138 344
138 47
138 249
138 486
138 212
138 409
138 470
138 467
138 160
138 19
138 410
227 85
227 25
227 81
227 27
227 472
227 26
227 136
227 64
227 262
227 311
227 70
227 192
227 334
227 455
227 405
227 191
227 195
227 177
227 283
227 176
227 250
227 331
227 230
227 270
227 390
227 144
227 462
227 312
227 335
227 238
227 354
227 362
227 225
227 310
227 255
227 487
227 489
227 14
227 277
227 321
227 411
227 475
227 198
227 437
227 122
13 18
13 301
13 85
13 25
13 4
13 74
13 328
13 219
13 27
13 465
13 340
13 254
13 134
13 384
13 159
13 251
13 252
13 200
13 349
13 192
13 204
13 17
13 217
13 423
13 236
13 399
13 270
13 279
13 454
13 261
13 424
13 495
13 427
13 339
13 78
13 370
13 45
13 268
13 165
13 157
13 194
13 47
13 479
13 477
13 160
13 459
13 490
1 18
1 60
1 328
1 379
1 124
1 190
1 134
1 196
1 107
1 55
1 171
1 333
1 163
1 349
1 207
1 372
1 92
1 15
1 386
1 231
1 242
1 121
1 399
1 373
1 88
1 316
1 238
1 20
1 351
1 263
1 22
1 45
1 362
1 330
1 66
1 310
1 317
1 28
1 241
1 394
1 249
1 315
1 448
1 475
1 481
1 437
1 235
1 451
18 232
18 289
18 87
18 318
18 99
18 96
18 149
18 6
18 50
18 302
18 53
18 405
18 325
18 224
18 494
18 298
18 91
18 327
18 20
18 211
18 101
18 387
18 377
18 162
18 255
18 417
18 367
18 14
18 41
18 474
18 435
18 33
18 73
18 337
18 229
383 152
383 67
383 81
383 106
383 328
383 318
383 442
383 94
383 99
383 135
383 117
383 254
383 124
383 68
383 425
383 306
383 200
383 15
383 191
383 231
383 325
383 89
383 244
383 423
383 29
383 215
383 270
383 115
383 206
383 246
383 59
383 266
383 211
383 297
383 203
383 225
383 197
383 324
383 162
383 499
383 406
383 10
383 457
383 385
383 277
383 477
383 440
150 232
150 133
150 102
150 111
150 340
150 168
150 472
150 497
150 107
150 173
150 357
150 278
150 294
150 450
150 325
150 121
150 236
150 280
150 2
150 308
150 148
150 316
150 46
150 313
150 203
150 346
150 387
150 165
150 365
150 329
150 415
150 417
150 428
150 486
150 315
150 473
150 411
150 337
150 440
150 19
301 69
301 63
301 476
301 340
301 413
301 96
301 130
301 209
301 342
301 306
301 158
301 183
301 199
301 44
301 386
301 177
301 283
301 250
301 453
301 298
301 454
301 259
301 109
301 316
301 265
301 404
301 127
301 322
301 297
301 108
301 469
301 387
301 401
301 485
301 167
301 226
301 321
301 145
301 160
301 466
301 492
464 426
464 289
464 397
464 247
464 81
464 379
464 103
464 380
464 497
464 26
464 136
464 306
464 163
464 52
464 275
464 177
464 461
464 89
464 433
464 274
464 305
464 399
464 323
464 270
464 259
464 91
464 39
464 284
464 267
464 265
464 282
464 22
464 354
464 108
464 268
464 162
464 402
464 157
464 487
464 28
464 31
464 249
464 320
464 184
464 353
464 321
464 467
464 484
464 437
464 480
464 122
147 57
147 152
147 403
147 476
147 208
147 130
147 48
147 136
147 159
147 251
147 418
147 306
147 158
147 163
147 189
147 53
147 332
147 217
147 77
147 283
147 360
147 186
147 270
147 453
147 494
147 71
147 454
147 388
147 400
147 291
147 427
147 178
147 469
147 387
147 324
147 460
147 406
147 62
147 474
147 321
147 477
147 490
147 398
125 93
125 57
125 60
125 438
125 273
125 142
125 80
125 86
125 403
125 105
125 366
125 124
125 444
125 34
125 209
125 26
125 55
125 172
125 54
125 189
125 395
125 405
125 231
125 283
125 89
125 244
125 121
125 176
125 331
125 423
125 305
125 236
125 51
125 390
125 453
125 259
125 400
125 284
125 327
125 449
125 265
125 404
125 291
125 371
125 268
125 365
125 205
125 396
125 303
125 194
125 363
125 28
125 47
125 73
125 321
125 459
93 285
93 403
93 8
93 143
93 117
93 498
93 314
93 64
93 55
93 126
93 429
93 158
93 357
93 245
93 432
93 177
93 433
93 201
93 258
93 494
93 187
93 109
93 246
93 261
93 88
93 9
93 161
93 335
93 427
93 203
93 387
93 329
93 393
93 417
93 402
93 485
93 194
93 363
93 457
93 394
93 448
93 40
93 193
456 426
456 72
456 133
456 328
456 442
456 137
456 155
456 141
456 172
456 183
456 228
456 302
456 455
456 195
456 121
456 201
456 274
456 166
456 144
456 280
456 148
456 404
456 46
456 339
456 108
456 197
456 165
456 129
456 396
456 367
456 355
456 440
456 374
456 19
456 122
85 379
85 285
85 103
85 190
85 116
85 163
85 349
85 334
85 352
85 294
85 53
85 245
85 408
85 84
85 423
85 300
85 2
85 154
85 327
85 175
85 291
85 238
85 59
85 339
85 370
85 297
85 362
85 225
85 218
85 330
85 66
85 329
85 401
85 402
85 487
85 303
85 344
85 457
85 445
85 375
85 226
85 145
85 490
85 193
426 232
426 56
426 358
426 287
426 80
426 219
426 379
426 413
426 314
426 472
426 288
426 251
426 183
426 455
426 77
426 325
426 185
426 176
426 236
426 399
426 215
426 388
426 265
426 175
426 370
426 101
426 297
426 218
426 255
426 345
426 406
426 49
426 439
426 467
426 355
426 473
426 478
426 481
426 40
426 488
426 193
232 56
232 260
232 67
232 72
232 74
232 86
232 120
232 465
232 444
232 311
232 116
232 228
232 245
232 82
232 441
232 300
232 2
232 253
232 308
232 312
232 267
232 338
232 339
232 370
232 362
232 268
232 255
232 460
232 157
232 62
232 146
232 31
232 239
232 445
232 38
232 448
232 73
232 184
232 145
232 295
232 374
232 410
69 57
69 289
69 67
69 220
69 27
69 102
69 63
69 134
69 209
69 68
69 149
69 159
69 183
69 100
69 200
69 419
69 357
69 302
69 5
69 177
69 113
69 360
69 82
69 257
69 399
69 29
69 115
69 298
69 233
69 139
69 292
69 424
69 175
69 404
69 427
69 20
69 436
69 197
69 387
69 324
69 499
69 157
69 49
69 167
69 14
69 475
69 440
69 235
69 19
69 193
57 273
57 12
57 99
57 361
57 202
57 288
57 384
57 294
57 53
57 207
57 5
57 386
57 223
57 177
57 325
57 244
57 84
57 270
57 279
57 71
57 454
57 91
57 304
57 483
57 261
57 424
57 9
57 263
57 297
57 45
57 362
57 491
57 268
57 330
57 317
57 487
57 49
57 31
57 439
57 421
57 14
57 448
57 409
57 277
57 467
57 355
57 411
58 260
58 67
58 216
58 220
58 219
58 99
58 104
58 105
58 117
58 340
58 136
58 422
58 159
58 50
58 54
58 70
58 302
58 450
58 332
58 180
58 44
58 177
58 325
58 176
58 274
58 151
58 2
58 109
58 261
58 213
58 335
58 20
58 348
58 307
58 417
58 499
58 345
58 181
58 460
58 62
58 489
58 146
58 474
58 226
58 277
58 321
58 468
58 145
58 337
58 480
58 193
289 4
289 216
289 81
289 105
289 465
289 413
289 96
289 76
289 159
289 418
289 172
289 333
289 50
289 199
289 352
289 180
289 217
289 15
289 191
289 89
289 242
289 274
289 423
289 279
289 2
289 148
289 238
289 22
289 376
289 365
289 129
289 162
289 391
289 412
289 170
289 249
289 355
289 145
60 397
60 152
60 358
60 247
60 328
60 94
60 105
60 498
60 132
60 153
60 422
60 418
60 228
60 278
60 294
60 245
60 369
60 382
60 408
60 242
60 185
60 82
60 441
60 298
60 300
60 296
60 392
60 308
60 449
60 316
60 267
60 59
60 197
60 491
60 391
60 303
60 489
60 140
60 249
60 448
60 479
60 226
60 473
60 337
60 459
60 490
60 451
25 133
25 219
25 94
25 112
25 366
25 34
25 288
25 149
25 319
25 311
25 126
25 204
25 199
25 52
25 5
25 305
25 494
25 293
25 109
25 371
25 339
25 322
25 307
25 469
25 165
25 363
25 28
25 10
25 445
25 73
25 353
25 467
25 477
25 337
25 437
25 451
397 285
397 403
397 465
397 208
397 130
397 290
397 141
397 288
397 319
397 6
397 55
397 425
397 306
397 163
397 349
397 204
397 113
397 144
397 431
397 454
397 139
397 462
397 292
397 261
397 213
397 59
397 339
397 101
397 387
397 376
397 330
397 347
397 393
397 402
397 485
397 31
397 448
397 184
397 477
397 466
397 451
56 210
56 438
56 87
56 379
56 285
56 99
56 497
56 6
56 384
56 429
56 395
56 223
56 242
56 258
56 29
56 91
56 392
56 246
56 97
56 267
56 371
56 335
56 22
56 436
56 364
56 377
56 66
56 310
56 255
56 406
56 157
56 391
56 146
56 241
56 188
56 447
56 448
56 353
56 411
56 40
152 260
152 220
152 361
152 190
152 314
152 202
152 288
152 342
152 153
152 107
152 493
152 378
152 302
152 92
152 432
152 217
152 369
152 405
152 408
152 390
152 462
152 284
152 308
152 246
152 316
152 97
152 9
152 175
152 78
152 20
152 446
152 322
152 436
152 417
152 402
152 367
152 448
152 467
210 142
210 219
210 137
210 12
210 117
210 202
210 290
210 34
210 196
210 26
210 107
210 262
210 172
210 349
210 17
210 199
210 302
210 372
210 113
210 89
210 224
210 29
210 115
210 453
210 71
210 259
210 292
210 327
210 267
210 9
210 370
210 387
210 417
210 345
210 181
210 194
210 363
210 489
210 146
210 28
210 61
210 470
210 350
210 467
210 477
210 411
210 484
210 488
260 74
260 80
260 81
260 328
260 87
260 94
260 27
260 102
260 63
260 134
260 48
260 196
260 26
260 422
260 54
260 228
260 222
260 186
260 258
260 230
260 215
260 280
260 343
260 39
260 187
260 253
260 88
260 20
260 101
260 178
260 329
260 415
260 157
260 487
260 391
260 363
260 49
260 452
260 486
260 38
260 447
260 448
260 470
260 145
260 374
67 216
67 94
67 366
67 117
67 254
67 64
67 262
67 100
67 200
67 199
67 15
67 270
67 431
67 233
67 139
67 462
67 246
67 46
67 427
67 211
67 348
67 322
67 101
67 297
67 310
67 415
67 401
67 157
67 487
67 188
67 468
67 478
67 490
67 410
358 72
358 133
358 216
358 220
358 80
358 87
358 104
358 465
358 254
358 380
358 290
358 68
358 26
358 319
358 64
358 158
358 36
358 334
358 53
358 52
358 386
358 234
358 21
358 461
358 281
358 115
358 400
358 291
358 282
358 370
358 446
358 322
358 330
358 129
358 345
358 485
358 406
358 487
358 344
358 140
358 445
358 439
358 421
358 385
358 409
358 321
358 468
358 295
358 475
358 492
358 374
358 451
4 74
4 103
4 105
4 306
4 116
4 177
4 433
4 243
4 185
4 257
4 270
4 233
4 293
4 400
4 182
4 335
4 339
4 78
4 20
4 297
4 307
4 197
4 165
4 129
4 66
4 299
4 157
4 487
4 303
4 363
4 140
4 486
4 212
4 474
4 435
4 409
4 359
4 473
4 411
4 235
4 451
438 287
438 216
438 114
438 285
438 420
438 202
438 472
438 196
438 179
438 159
438 251
438 164
438 156
438 189
438 455
438 52
438 432
438 369
438 231
438 250
438 215
438 373
438 39
438 154
438 400
438 282
438 264
438 347
438 428
438 320
438 198
287 142
287 220
287 247
287 403
287 120
287 143
287 476
287 340
287 254
287 96
287 444
287 132
287 472
287 196
287 136
287 384
287 164
287 311
287 173
287 333
287 116
287 183
287 52
287 180
287 325
287 244
287 243
287 185
287 258
287 399
287 494
287 431
287 373
287 388
287 293
287 39
287 308
287 97
287 175
287 338
287 376
287 347
287 401
287 391
287 489
287 457
287 226
287 478
72 74
72 81
72 86
72 442
72 117
72 498
72 314
72 179
72 26
72 153
72 429
72 183
72 352
72 278
72 332
72 92
72 382
72 195
72 433
72 244
72 441
72 399
72 279
72 2
72 39
72 154
72 400
72 284
72 312
72 59
72 307
72 118
72 129
72 162
72 66
72 299
72 255
72 393
72 445
72 38
72 439
72 41
72 435
72 73
72 463
72 478
72 481
273 74
273 80
273 143
273 361
273 164
273 418
273 173
273 306
273 429
273 333
273 183
273 242
273 185
273 82
273 343
273 2
273 267
273 404
273 335
273 59
273 491
273 324
273 299
273 393
273 460
273 485
273 406
273 344
273 363
273 49
273 62
273 489
273 359
273 277
273 473
273 459
273 398
273 193
74 142
74 80
74 12
74 336
74 63
74 420
74 124
74 96
74 34
74 68
74 6
74 384
74 64
74 311
74 50
74 200
74 36
74 357
74 372
74 52
74 15
74 382
74 325
74 215
74 494
74 233
74 304
74 308
74 246
74 83
74 371
74 339
74 348
74 22
74 469
74 458
74 129
74 162
74 317
74 485
74 439
74 448
74 321
74 229
74 466
142 80
142 328
142 114
142 137
142 12
142 465
142 117
142 444
142 130
142 168
142 153
142 164
142 173
142 429
142 183
142 100
142 302
142 92
142 217
142 386
142 461
142 408
142 115
142 431
142 280
142 343
142 400
142 182
142 59
142 339
142 297
142 45
142 272
142 377
142 329
142 406
142 146
142 31
142 439
142 41
142 463
142 198
133 216
133 220
133 80
133 285
133 381
133 12
133 120
133 102
133 103
133 63
133 290
133 136
133 319
133 6
133 171
133 172
133 306
133 333
133 192
133 395
133 207
133 450
133 369
133 234
133 185
133 281
133 390
133 298
133 280
133 71
133 187
133 296
133 483
133 267
133 404
133 46
133 291
133 370
133 20
133 351
133 364
133 118
133 458
133 162
133 241
133 14
133 375
216 381
216 403
216 465
216 340
216 208
216 96
216 342
216 68
216 156
216 493
216 425
216 199
216 382
216 21
216 244
216 201
216 51
216 323
216 270
216 154
216 304
216 308
216 97
216 265
216 238
216 218
216 162
216 299
216 205
216 402
216 485
216 194
216 363
216 239
216 439
216 448
216 473
216 337
216 198
216 160
216 480
216 235
216 193
220 12
220 465
220 190
220 132
220 288
220 26
220 64
220 164
220 126
220 173
220 333
220 50
220 36
220 189
220 204
220 332
220 180
220 382
220 21
220 323
220 259
220 91
220 39
220 261
220 97
220 83
220 348
220 313
220 45
220 197
220 268
220 365
220 162
220 205
220 396
220 391
220 146
220 341
220 320
220 448
220 435
220 226
220 353
220 295
220 229
220 466
220 410
247 106
247 143
247 112
247 117
247 208
247 444
247 168
247 472
247 48
247 53
247 223
247 283
247 186
247 270
247 276
247 151
247 462
247 312
247 97
247 404
247 161
247 335
247 59
247 266
247 22
247 436
247 387
247 347
247 255
247 344
247 194
247 489
247 394
247 188
247 452
247 486
247 315
247 14
247 212
247 435
247 463
247 337
247 198
247 459
247 490
247 193
80 114
80 285
80 124
80 444
80 497
80 136
80 159
80 311
80 116
80 100
80 349
80 70
80 419
80 357
80 382
80 433
80 360
80 441
80 115
80 71
80 139
80 462
80 91
80 400
80 253
80 284
80 261
80 338
80 46
80 161
80 127
80 78
80 446
80 22
80 45
80 463
80 353
80 337
80 440
80 459
81 105
81 63
81 340
81 444
81 472
81 141
81 196
81 136
81 159
81 164
81 252
81 183
81 70
81 334
81 455
81 372
81 332
81 5
81 432
81 275
81 408
81 243
81 441
81 115
81 280
81 71
81 462
81 91
81 246
81 127
81 272
81 458
81 299
81 345
81 62
81 188
81 212
81 409
81 33
81 467
81 468
81 440
81 398
106 104
106 117
106 420
106 380
106 132
106 134
106 202
106 384
106 64
106 55
106 493
106 173
106 357
106 352
106 455
106 395
106 15
106 224
106 454
106 91
106 284
106 83
106 20
106 351
106 416
106 436
106 178
106 387
106 396
106 367
106 406
106 157
106 391
106 49
106 28
106 448
106 479
106 435
106 398
106 451
328 340
328 134
328 288
328 179
328 136
328 107
328 252
328 55
328 333
328 36
328 163
328 332
328 191
328 408
328 390
328 431
328 233
328 343
328 312
328 327
328 267
328 46
328 322
328 351
328 436
328 178
328 307
328 255
328 205
328 499
328 401
328 487
328 194
328 28
328 271
328 452
328 468
328 337
328 437
219 37
219 442
219 366
219 413
219 420
219 124
219 96
219 155
219 497
219 384
219 418
219 493
219 171
219 173
219 425
219 17
219 334
219 5
219 44
219 191
219 408
219 243
219 224
219 82
219 305
219 166
219 373
219 392
219 246
219 213
219 495
219 348
219 354
219 264
219 225
219 272
219 377
219 268
219 239
219 452
219 486
219 421
219 315
219 128
219 468
219 145
219 398
37 137
37 99
37 366
37 96
37 498
37 179
37 149
37 153
37 319
37 36
37 89
37 243
37 186
37 233
37 300
37 91
37 206
37 424
37 95
37 59
37 211
37 118
37 129
37 255
37 406
37 489
37 167
37 394
37 14
37 128
37 160
37 7
86 496
86 94
86 120
86 104
86 254
86 361
86 208
86 132
86 314
86 136
86 493
86 419
86 294
86 195
86 201
86 224
86 236
86 390
86 115
86 276
86 449
86 148
86 335
86 78
86 322
86 101
86 354
86 297
86 313
86 307
86 458
86 324
86 162
86 205
86 417
86 345
86 401
86 47
86 428
86 447
86 474
86 409
86 128
86 350
86 411
86 484
86 437
86 398
87 379
87 137
87 143
87 366
87 134
87 342
87 48
87 262
87 164
87 252
87 171
87 429
87 349
87 204
87 17
87 278
87 450
87 44
87 382
87 113
87 166
87 494
87 233
87 284
87 109
87 261
87 83
87 436
87 362
87 178
87 330
87 66
87 457
87 467
87 198
87 478
87 7
87 490
87 410
114 379
114 496
114 94
114 137
114 476
114 465
114 202
114 149
114 79
114 153
114 252
114 189
114 228
114 199
114 372
114 382
114 195
114 250
114 399
114 453
114 144
114 312
114 261
114 88
114 316
114 127
114 339
114 354
114 313
114 178
114 307
114 272
114 165
114 162
114 499
114 345
114 317
114 460
114 485
114 47
114 457
114 249
114 320
114 41
114 409
114 463
114 19
114 410
379 381
379 120
379 103
379 111
379 420
379 96
379 141
379 418
379 171
379 173
379 158
379 116
379 372
379 332
379 245
379 217
379 405
379 177
379 89
379 433
379 305
379 151
379 139
379 462
379 292
379 39
379 400
379 109
379 424
379 282
379 211
379 45
379 458
379 66
379 310
379 415
379 181
379 412
379 271
379 457
379 14
379 61
379 409
379 128
379 355
379 478
379 466
379 193
379 122
318 442
318 27
318 403
318 117
318 380
318 290
318 34
318 68
318 179
318 164
318 55
318 425
318 36
318 352
318 278
318 53
318 207
318 245
318 432
318 275
318 231
318 185
318 29
318 270
318 279
318 494
318 431
318 71
318 259
318 2
318 253
318 284
318 206
318 83
318 371
318 322
318 297
318 264
318 272
318 377
318 499
318 157
318 487
318 303
318 271
318 170
318 295
318 475
318 481
318 466
318 488
318 410
285 12
285 111
285 112
285 134
285 314
285 422
285 384
285 418
285 54
285 294
285 369
285 325
285 121
285 274
285 494
285 71
285 400
285 267
285 46
285 335
285 211
285 354
285 108
285 346
285 491
285 365
285 347
285 299
285 391
285 315
285 61
285 470
285 359
285 468
285 475
496 137
496 143
496 366
496 124
496 498
496 179
496 159
496 262
496 425
496 429
496 378
496 17
496 372
496 180
496 245
496 283
496 113
496 121
496 84
496 215
496 494
496 454
496 388
496 292
496 2
496 187
496 327
496 148
496 175
496 127
496 427
496 59
496 78
496 416
496 264
496 307
496 469
496 387
496 491
496 499
496 157
496 394
496 315
496 385
496 61
496 484
496 398
496 235
496 410
442 381
442 111
442 208
442 472
442 209
442 288
442 497
442 384
442 173
442 36
442 17
442 334
442 455
442 325
442 224
442 82
442 305
442 441
442 298
442 71
442 259
442 88
442 148
442 424
442 182
442 291
442 354
442 108
442 178
442 197
442 118
442 460
442 485
442 241
442 38
442 439
442 14
442 435
442 33
442 353
442 467
442 355
442 473
442 480
442 19
94 124
94 444
94 68
94 48
94 79
94 384
94 156
94 55
94 171
94 116
94 192
94 204
94 180
94 217
94 222
94 195
94 283
94 234
94 281
94 258
94 276
94 2
94 296
94 206
94 175
94 291
94 371
94 59
94 446
94 351
94 263
94 218
94 377
94 66
94 391
94 239
94 385
94 320
94 409
94 350
94 229
94 481
27 403
27 102
27 131
27 366
27 208
27 190
27 314
27 290
27 472
27 425
27 180
27 245
27 234
27 281
27 51
27 399
27 453
27 144
27 109
27 175
27 404
27 339
27 266
27 263
27 45
27 178
27 347
27 66
27 415
27 396
27 345
27 317
27 194
27 62
27 28
27 10
27 452
27 61
27 33
27 473
27 481
27 440
27 459
27 480
381 103
381 132
381 155
381 314
381 68
381 179
381 153
381 262
381 425
381 306
381 116
381 50
381 302
381 294
381 92
381 180
381 369
381 234
381 408
381 244
381 243
381 281
381 441
381 424
381 267
381 213
381 265
381 178
381 376
381 393
381 460
381 28
381 239
381 445
381 448
381 61
381 350
381 463
381 353
381 145
381 229
381 440
381 398
137 135
137 130
137 132
137 472
137 26
137 378
137 204
137 419
137 455
137 5
137 275
137 191
137 231
137 89
137 433
137 244
137 281
137 258
137 29
137 215
137 293
137 291
137 335
137 238
137 427
137 22
137 264
137 346
137 225
137 197
137 376
137 377
137 310
137 402
137 271
137 47
137 428
137 170
137 61
137 184
137 468
137 477
137 459
137 193
137 410
12 99
12 8
12 111
12 314
12 209
12 342
12 311
12 171
12 180
12 405
12 231
12 215
12 276
12 388
12 292
12 39
12 187
12 46
12 291
12 335
12 197
12 387
12 376
12 66
12 499
12 402
12 485
12 303
12 412
12 457
12 452
12 474
12 435
12 184
12 160
12 478
99 143
99 55
99 158
99 116
99 163
99 228
99 17
99 53
99 217
99 275
99 113
99 433
99 431
99 253
99 284
99 175
99 322
99 22
99 364
99 225
99 197
99 272
99 376
99 347
99 317
99 303
99 28
99 241
99 188
99 249
99 375
99 212
99 435
99 463
99 478
99 484
99 466
99 410
403 104
403 135
403 8
403 336
403 111
403 131
403 124
403 130
403 314
403 202
403 472
403 34
403 136
403 76
403 172
403 429
403 100
403 204
403 352
403 450
403 332
403 405
403 234
403 185
403 82
403 323
403 276
403 454
403 388
403 151
403 91
403 206
403 449
403 370
403 297
403 178
403 118
403 324
403 162
403 31
403 486
403 41
403 474
403 355
403 122
120 102
120 444
120 290
120 179
120 319
120 156
120 306
120 333
120 183
120 70
120 455
120 222
120 244
120 323
120 453
120 39
120 296
120 483
120 206
120 109
120 213
120 371
120 348
120 351
120 297
120 469
120 165
120 365
120 445
120 486
120 320
120 41
120 474
120 466
102 117
102 413
102 254
102 96
102 168
102 357
102 455
102 92
102 217
102 44
102 281
102 258
102 276
102 308
102 88
102 175
102 339
102 368
102 45
102 178
102 469
102 376
102 205
102 317
102 401
102 146
102 428
102 188
102 239
102 452
102 486
102 447
102 448
102 229
102 440
102 437
103 131
103 420
103 132
103 196
103 79
103 76
103 333
103 50
103 189
103 294
103 222
103 236
103 399
103 144
103 292
103 308
103 161
103 368
103 22
103 297
103 45
103 264
103 218
103 268
103 365
103 393
103 157
103 344
103 31
103 341
103 38
103 385
103 41
103 359
103 353
103 295
103 475
104 112
104 131
104 498
104 132
104 68
104 422
104 311
104 425
104 54
104 302
104 455
104 395
104 294
104 77
104 222
104 405
104 231
104 244
104 51
104 323
104 166
104 279
104 71
104 483
104 206
104 316
104 427
104 322
104 416
104 272
104 376
104 345
104 194
104 241
104 315
104 385
104 474
104 435
104 184
104 122
105 134
105 202
105 149
105 136
105 126
105 425
105 306
105 70
105 192
105 395
105 372
105 92
105 408
105 89
105 250
105 454
105 327
105 265
105 127
105 335
105 211
105 446
105 22
105 458
105 129
105 47
105 439
105 226
105 40
105 492
105 19
135 336
135 413
135 378
135 283
135 21
135 433
135 305
135 166
135 270
135 144
135 293
135 154
135 400
135 253
135 261
135 339
135 282
135 211
135 416
135 330
135 460
135 391
135 489
135 241
135 435
135 409
135 477
135 374
8 472
8 209
8 288
8 107
8 158
8 183
8 54
8 192
8 419
8 352
8 180
8 15
8 386
8 283
8 21
8 244
8 258
8 323
8 166
8 280
8 388
8 284
8 308
8 83
8 127
8 371
8 335
8 238
8 345
8 401
8 402
8 157
8 194
8 241
8 457
8 320
8 14
8 375
8 470
8 277
8 355
8 481
8 7
336 361
336 68
336 262
336 418
336 173
336 425
336 306
336 50
336 54
336 192
336 419
336 294
336 332
336 44
336 222
336 360
336 281
336 331
336 423
336 441
336 454
336 151
336 39
336 308
336 312
336 206
336 261
336 449
336 338
336 427
336 368
336 351
336 313
336 118
336 417
336 460
336 303
336 363
336 62
336 146
336 320
336 375
336 41
336 474
336 470
336 359
336 484
143 131
143 208
143 96
143 134
143 202
143 290
143 472
143 251
143 493
143 425
143 183
143 395
143 450
143 332
143 5
143 369
143 77
143 224
143 82
143 139
143 154
143 246
143 175
143 83
143 95
143 335
143 370
143 211
143 101
143 272
143 491
143 324
143 129
143 406
143 31
143 140
143 457
143 341
143 445
143 486
143 14
143 479
143 41
143 73
143 355
143 198
143 160
143 40
143 440
143 7
143 437
143 193
63 465
63 413
63 208
63 252
63 418
63 311
63 173
63 172
63 50
63 372
63 450
63 5
63 432
63 222
63 242
63 236
63 166
63 373
63 233
63 139
63 292
63 187
63 316
63 267
63 161
63 20
63 22
63 297
63 491
63 377
63 165
63 299
63 317
63 402
63 344
63 140
63 457
63 477
63 160
63 437
63 490
111 380
111 288
111 48
111 64
111 183
111 163
111 349
111 70
111 199
111 332
111 217
111 15
111 77
111 222
111 191
111 325
111 243
111 185
111 176
111 250
111 274
111 82
111 51
111 29
111 388
111 151
111 187
111 296
111 304
111 424
111 127
111 59
111 20
111 346
111 491
111 165
111 255
111 393
111 396
111 317
111 157
111 391
111 140
111 188
111 445
111 421
111 315
111 14
111 212
111 435
111 33
111 478
111 488
111 122
112 130
112 134
112 79
112 384
112 159
112 64
112 156
112 352
112 207
112 52
112 21
112 461
112 250
112 281
112 186
112 276
112 280
112 293
112 154
112 148
112 97
112 161
112 238
112 266
112 351
112 22
112 436
112 377
112 66
112 393
112 181
112 317
112 344
112 62
112 10
112 170
112 249
112 38
112 212
112 448
131 288
131 179
131 136
131 6
131 171
131 349
131 192
131 176
131 215
131 144
131 296
131 304
131 109
131 449
131 495
131 238
131 211
131 22
131 354
131 178
131 345
131 157
131 391
131 62
131 489
131 10
131 140
131 241
131 394
131 249
131 14
131 447
131 160
131 398
476 340
476 96
476 498
476 202
476 422
476 6
476 251
476 126
476 425
476 333
476 378
476 192
476 17
476 275
476 325
476 121
476 215
476 390
476 388
476 233
476 293
476 154
476 187
476 253
476 246
476 424
476 265
476 338
476 95
476 218
476 376
476 330
476 205
476 406
476 487
476 344
476 49
476 62
476 146
476 428
476 188
476 14
476 375
476 447
476 73
476 355
476 481
476 459
476 490
476 122
366 498
366 288
366 159
366 252
366 54
366 200
366 199
366 278
366 332
366 77
366 386
366 177
366 283
366 21
366 121
366 243
366 257
366 423
366 236
366 215
366 431
366 284
366 148
366 161
366 368
366 297
366 118
366 387
366 330
366 367
366 406
366 157
366 412
366 188
366 239
366 33
366 359
366 277
366 184
366 355
366 337
366 488
366 480
366 410
465 340
465 422
465 6
465 159
465 55
465 126
465 70
465 294
465 450
465 177
465 325
465 176
465 274
465 82
465 259
465 304
465 316
465 213
465 338
465 127
465 20
465 22
465 362
465 178
465 347
465 66
465 393
465 402
465 391
465 315
465 474
465 128
465 33
465 470
465 145
465 229
465 490
465 374
117 420
117 34
117 153
117 107
117 172
117 70
117 294
117 217
117 386
117 408
117 250
117 257
117 343
117 151
117 462
117 187
117 308
117 312
117 148
117 97
117 267
117 495
117 263
117 108
117 317
117 412
117 49
117 241
117 212
117 145
117 411
117 229
117 481
117 459
340 420
340 380
340 130
340 290
340 68
340 64
340 425
340 172
340 455
340 294
340 450
340 461
340 224
340 82
340 29
340 91
340 109
340 424
340 404
340 238
340 20
340 348
340 354
340 313
340 268
340 329
340 396
340 489
340 47
340 241
340 239
340 341
340 448
340 409
340 33
340 411
340 198
340 478
413 254
413 209
413 76
413 251
413 100
413 17
413 195
413 244
413 399
413 494
413 280
413 71
413 292
413 187
413 246
413 175
413 20
413 118
413 491
413 489
413 31
413 394
413 439
413 33
413 470
413 73
413 467
413 337
413 198
413 440
413 490
413 235
413 122
254 290
254 288
254 159
254 100
254 200
254 302
254 372
254 15
254 177
254 244
254 51
254 280
254 462
254 308
254 338
254 46
254 335
254 376
254 396
254 363
254 47
254 188
254 385
254 375
254 73
254 353
254 481
361 96
361 134
361 314
361 342
361 422
361 384
361 164
361 158
361 200
361 189
361 455
361 382
361 51
361 453
361 144
361 373
361 259
361 154
361 316
361 213
361 95
361 59
361 339
361 446
361 45
361 436
361 365
361 406
361 421
361 315
361 41
361 474
361 226
361 337
361 478
361 7
361 193
420 209
420 48
420 136
420 64
420 251
420 306
420 100
420 192
420 395
420 450
420 92
420 245
420 432
420 325
420 283
420 331
420 230
420 454
420 392
420 253
420 206
420 327
420 495
420 22
420 297
420 396
420 49
420 448
420 61
420 350
420 295
420 440
420 492
420 19
208 498
208 380
208 314
208 136
208 6
208 171
208 36
208 189
208 228
208 180
208 21
208 250
208 82
208 233
208 343
208 293
208 238
208 59
208 297
208 376
208 129
208 396
208 367
208 344
208 146
208 394
208 239
208 14
208 447
208 350
208 463
208 145
208 411
208 481
208 484
208 451
124 498
124 380
124 68
124 26
124 79
124 422
124 252
124 55
124 173
124 306
124 357
124 278
124 294
124 15
124 275
124 243
124 441
124 270
124 494
124 276
124 187
124 392
124 338
124 95
124 313
124 178
124 299
124 393
124 205
124 396
124 447
124 479
124 374
124 451
124 410
96 444
96 34
96 136
96 153
96 76
96 172
96 158
96 50
96 419
96 17
96 294
96 191
96 325
96 29
96 215
96 390
96 431
96 454
96 293
96 2
96 267
96 161
96 59
96 263
96 108
96 362
96 307
96 499
96 460
96 303
96 28
96 239
96 341
96 445
96 41
96 359
96 277
96 122
498 132
498 472
498 196
498 149
498 153
498 55
498 173
498 116
498 54
498 199
498 455
498 52
498 180
498 5
498 432
498 44
498 89
498 176
498 388
498 139
498 187
498 400
498 148
498 335
498 22
498 436
498 203
498 491
498 205
498 417
498 47
498 320
498 470
498 73
498 277
498 353
498 145
498 40
498 440
498 398
380 168
380 48
380 156
380 311
380 183
380 17
380 199
380 386
380 177
380 231
380 113
380 243
380 360
380 230
380 233
380 91
380 187
380 400
380 253
380 206
380 97
380 175
380 371
380 266
380 354
380 108
380 436
380 307
380 469
380 396
380 401
380 402
380 367
380 489
380 167
380 249
380 295
380 19
190 79
190 319
190 64
190 164
190 171
190 302
190 395
190 450
190 180
190 231
190 461
190 242
190 281
190 388
190 292
190 91
190 312
190 109
190 88
190 449
190 335
190 101
190 307
190 469
190 415
190 299
190 417
190 345
190 457
190 428
190 249
190 38
190 14
190 479
190 33
190 359
190 440
190 459
190 235
444 132
444 26
444 422
444 251
444 311
444 425
444 429
444 50
444 54
444 395
444 294
444 243
444 250
444 274
444 224
444 51
444 276
444 2
444 392
444 483
444 267
444 335
444 339
444 351
444 346
444 387
444 376
444 393
444 401
444 157
444 363
444 271
444 47
444 477
444 411
444 7
444 466
444 492
130 209
130 48
130 79
130 384
130 493
130 172
130 100
130 334
130 382
130 191
130 195
130 325
130 408
130 433
130 176
130 250
130 115
130 494
130 246
130 371
130 22
130 108
130 362
130 377
130 255
130 499
130 391
130 49
130 445
130 320
130 409
130 73
130 145
130 411
130 337
130 235
168 76
168 306
168 116
168 17
168 334
168 455
168 222
168 224
168 279
168 454
168 284
168 109
168 148
168 427
168 203
168 362
168 469
168 66
168 401
168 402
168 367
168 194
168 271
168 140
168 315
168 14
168 448
168 474
168 463
168 437
132 48
132 196
132 319
132 159
132 311
132 172
132 100
132 54
132 189
132 419
132 217
132 77
132 325
132 283
132 281
132 423
132 51
132 115
132 151
132 259
132 154
132 46
132 446
132 351
132 225
132 129
132 329
132 417
132 460
132 49
132 489
132 146
132 28
132 33
132 73
132 226
132 295
132 374
155 68
155 196
155 159
155 173
155 70
155 207
155 372
155 52
155 77
155 382
155 195
155 234
155 281
155 230
155 399
155 151
155 284
155 308
155 312
155 261
155 327
155 266
155 348
155 45
155 178
155 491
155 129
155 162
155 417
155 460
155 406
155 412
155 49
155 62
155 170
155 341
155 479
155 321
155 480
155 451
134 290
134 288
134 149
134 422
134 64
134 55
134 425
134 158
134 349
134 228
134 5
134 382
134 423
134 276
134 233
134 312
134 182
134 370
134 20
134 22
134 178
134 165
134 310
134 255
134 205
134 271
134 428
134 38
134 14
134 459
134 466
134 488
134 437
134 480
314 136
314 76
314 107
314 55
314 17
314 199
314 283
314 461
314 236
314 431
314 343
314 462
314 187
314 308
314 88
314 211
314 446
314 348
314 197
314 401
314 157
314 62
314 28
314 10
314 452
314 38
314 448
314 468
314 473
314 478
314 398
314 19
314 451
202 141
202 6
202 384
202 164
202 156
202 306
202 158
202 349
202 334
202 352
202 52
202 113
202 408
202 230
202 298
202 343
202 2
202 308
202 267
202 404
202 211
202 387
202 491
202 365
202 415
202 255
202 401
202 146
202 10
202 428
202 394
202 445
202 452
202 315
202 73
202 459
202 466
202 398
202 480
290 342
290 311
290 158
290 116
290 378
290 100
290 419
290 302
290 352
290 217
290 234
290 243
290 250
290 258
290 29
290 279
290 144
290 431
290 71
290 388
290 392
290 148
290 182
290 161
290 127
290 282
290 45
290 362
290 377
290 268
290 129
290 299
290 417
290 167
290 10
290 170
290 452
290 421
290 470
290 226
290 353
290 467
290 198
472 149
472 26
472 158
472 200
472 36
472 228
472 294
472 386
472 244
472 242
472 176
472 258
472 431
472 139
472 462
472 284
472 312
472 148
472 9
472 95
472 238
472 78
472 20
472 108
472 362
472 387
472 268
472 129
472 181
472 157
472 363
472 146
472 140
472 61
472 128
472 226
472 40
472 466
472 437
34 418
34 158
34 200
34 163
34 357
34 53
34 450
34 222
34 223
34 433
34 423
34 51
34 71
34 373
34 293
34 91
34 2
34 400
34 9
34 46
34 127
34 266
34 348
34 108
34 346
34 377
34 324
34 181
34 363
34 241
34 239
34 249
34 33
209 48
209 50
209 419
209 199
209 294
209 207
209 222
209 405
209 441
209 166
209 431
209 373
209 182
209 83
209 95
209 368
209 436
209 197
209 365
209 205
209 396
209 49
209 489
209 167
209 47
209 38
209 409
209 295
209 229
209 451
141 288
141 179
141 6
141 493
141 378
141 200
141 192
141 450
141 432
141 222
141 242
141 373
141 139
141 91
141 39
141 246
141 261
141 449
141 427
141 59
141 266
141 108
141 45
141 436
141 307
141 162
141 417
141 412
141 363
141 140
141 188
141 212
141 61
141 277
141 468
141 160
141 193
141 451
288 172
288 302
288 461
288 408
288 331
288 257
288 390
288 298
288 462
288 2
288 39
288 206
288 424
288 182
288 95
288 108
288 376
288 194
288 62
288 28
288 170
288 445
288 421
288 470
288 411
288 235
497 196
497 6
497 156
497 429
497 378
497 360
497 274
497 144
497 71
497 151
497 304
497 213
497 265
497 427
497 339
497 20
497 313
497 264
497 310
497 396
497 157
497 62
497 167
497 428
497 394
497 421
497 277
497 467
497 466
497 492
497 398
497 122
342 79
342 311
342 54
342 52
342 89
342 360
342 186
342 494
342 187
342 400
342 392
342 213
342 371
342 427
342 446
342 297
342 365
342 396
342 391
342 489
342 10
342 394
342 295
342 484
68 149
68 55
68 54
68 204
68 419
68 357
68 395
68 432
68 44
68 382
68 82
68 279
68 343
68 259
68 2
68 327
68 213
68 495
68 265
68 83
68 427
68 78
68 266
68 297
68 165
68 324
68 487
68 49
68 167
68 38
68 320
68 212
68 409
68 128
68 33
68 478
68 437
68 492
68 410
48 136
48 319
48 171
48 172
48 200
48 357
48 395
48 450
48 432
48 191
48 223
48 461
48 121
48 243
48 201
48 185
48 279
48 494
48 343
48 304
48 483
48 265
48 404
48 368
48 225
48 272
48 268
48 347
48 402
48 363
48 49
48 146
48 31
48 428
48 445
48 385
48 375
48 409
48 359
48 321
48 145
48 160
48 19
196 153
196 262
196 55
196 116
196 50
196 200
196 294
196 275
196 201
196 281
196 82
196 305
196 298
196 454
196 392
196 109
196 148
196 182
196 9
196 83
196 161
196 238
196 59
196 322
196 225
196 458
196 66
196 310
196 181
196 485
196 157
196 428
196 341
196 249
196 486
196 38
196 375
196 212
196 41
196 473
196 337
196 459
196 451
179 422
179 418
179 333
179 36
179 192
179 204
179 17
179 357
179 372
179 52
179 77
179 275
179 386
179 231
179 244
179 84
179 423
179 373
179 292
179 446
179 348
179 297
179 264
179 364
179 469
179 165
179 66
179 310
179 412
179 271
179 140
179 212
179 447
179 451
149 26
149 252
149 418
149 425
149 116
149 36
149 357
149 53
149 5
149 44
149 177
149 231
149 115
149 276
149 343
149 292
149 400
149 206
149 261
149 327
149 238
149 446
149 45
149 218
149 118
149 324
149 241
149 452
149 486
149 14
149 41
149 463
149 145
149 198
149 492
149 398
149 480
26 107
26 55
26 183
26 349
26 450
26 92
26 408
26 244
26 441
26 215
26 233
26 296
26 213
26 127
26 101
26 354
26 203
26 346
26 307
26 225
26 218
26 268
26 365
26 347
26 66
26 415
26 255
26 239
26 341
26 320
26 337
26 7
26 488
26 398
26 235
26 122
79 52
79 222
79 382
79 244
79 258
79 215
79 388
79 206
79 261
79 424
79 213
79 161
79 238
79 446
79 365
79 205
79 396
79 402
79 487
79 391
79 28
79 428
79 315
79 479
79 128
79 463
79 353
79 467
79 160
136 333
136 189
136 70
136 250
136 274
136 399
136 270
136 280
136 109
136 88
136 335
136 264
136 346
136 178
136 197
136 310
136 406
136 303
136 344
136 194
136 10
136 320
136 447
136 479
136 474
136 295
136 473
136 492
136 374
153 418
153 126
153 429
153 50
153 17
153 53
153 84
153 423
153 236
153 166
153 280
153 454
153 154
153 400
153 246
153 261
153 449
153 495
153 436
153 307
153 347
153 205
153 499
153 62
153 140
153 428
153 188
153 350
153 355
153 411
153 229
153 40
153 492
153 193
153 122
422 76
422 173
422 306
422 116
422 183
422 278
422 92
422 5
422 305
422 270
422 233
422 343
422 151
422 139
422 462
422 292
422 296
422 304
422 88
422 291
422 238
422 416
422 178
422 491
422 299
422 499
422 345
422 401
422 271
422 140
422 428
422 445
422 14
422 61
422 226
422 277
422 353
422 473
422 484
76 156
76 493
76 306
76 429
76 378
76 189
76 70
76 419
76 334
76 15
76 223
76 234
76 89
76 244
76 236
76 276
76 144
76 462
76 316
76 338
76 266
76 436
76 197
76 376
76 417
76 396
76 181
76 146
76 31
76 486
76 38
76 315
76 41
76 359
76 350
76 295
319 252
319 50
319 100
319 278
319 369
319 243
319 274
319 186
319 82
319 453
319 139
319 154
319 253
319 308
319 109
319 246
319 265
319 335
319 211
319 416
319 218
319 377
319 402
319 485
319 157
319 320
319 484
319 398
6 384
6 173
6 50
6 92
6 121
6 360
6 51
6 215
6 276
6 316
6 267
6 175
6 404
6 339
6 225
6 365
6 393
6 396
6 367
6 303
6 194
6 28
6 241
6 73
384 173
384 425
384 172
384 116
384 349
384 302
384 5
384 245
384 222
384 382
384 195
384 177
384 231
384 21
384 433
384 201
384 270
384 453
384 276
384 233
384 259
384 462
384 400
384 97
384 267
384 9
384 161
384 263
384 22
384 297
384 45
384 203
384 364
384 197
384 165
384 347
384 299
384 393
384 417
384 303
384 49
384 47
384 140
384 445
384 435
384 33
384 226
384 277
384 355
384 337
384 484
384 466
384 235
159 252
159 172
159 419
159 52
159 275
159 185
159 274
159 331
159 224
159 441
159 327
159 213
159 404
159 427
159 469
159 376
159 66
159 393
159 157
159 194
159 49
159 146
159 241
159 457
159 212
159 277
159 198
64 418
64 172
64 306
64 378
64 302
64 53
64 52
64 92
64 360
64 305
64 230
64 323
64 144
64 280
64 292
64 148
64 267
64 127
64 282
64 446
64 22
64 264
64 225
64 365
64 487
64 363
64 394
64 61
64 41
64 492
64 19
107 251
107 173
107 172
107 50
107 17
107 357
107 199
107 372
107 332
107 234
107 21
107 423
107 323
107 166
107 373
107 400
107 261
107 266
107 211
107 297
107 225
107 387
107 499
107 320
107 14
107 435
107 277
107 411
107 440
107 466
107 193
262 418
262 172
262 158
262 192
262 207
262 180
262 15
262 77
262 386
262 234
262 250
262 224
262 298
262 71
262 187
262 253
262 312
262 206
262 265
262 175
262 371
262 368
262 436
262 272
262 129
262 347
262 162
262 393
262 396
262 402
262 363
262 489
262 28
262 140
262 439
262 41
262 33
262 73
262 145
262 398
251 156
251 349
251 70
251 275
251 223
251 113
251 224
251 257
251 305
251 115
251 494
251 343
251 293
251 253
251 284
251 483
251 327
251 175
251 291
251 371
251 335
251 348
251 197
251 310
251 205
251 417
251 157
251 344
251 489
251 146
251 167
251 239
251 315
251 353
251 145
251 160
164 334
164 201
164 185
164 250
164 331
164 215
164 293
164 304
164 9
164 370
164 446
164 416
164 108
164 469
164 324
164 129
164 310
164 393
164 181
164 146
164 394
164 61
164 463
164 198
164 492
164 480
252 156
252 171
252 425
252 163
252 334
252 302
252 372
252 191
252 325
252 242
252 331
252 82
252 257
252 236
252 494
252 292
252 424
252 182
252 265
252 368
252 370
252 297
252 264
252 376
252 365
252 406
252 487
252 457
252 341
252 73
252 353
252 467
252 477
418 183
418 100
418 352
418 294
418 191
418 84
418 230
418 215
418 166
418 390
418 276
418 71
418 373
418 300
418 296
418 284
418 267
418 495
418 211
418 22
418 218
418 469
418 157
418 487
418 188
418 249
418 421
418 447
418 73
418 440
418 484
156 171
156 172
156 100
156 228
156 302
156 395
156 332
156 217
156 405
156 325
156 21
156 461
156 408
156 423
156 298
156 280
156 296
156 313
156 362
156 165
156 402
156 485
156 489
156 28
156 10
156 435
156 359
156 295
156 160
156 440
156 193
311 352
311 207
311 15
311 223
311 185
311 176
311 250
311 390
311 151
311 91
311 449
311 95
311 335
311 368
311 370
311 469
311 165
311 458
311 66
311 401
311 344
311 428
311 212
311 41
311 435
311 128
311 467
55 126
55 158
55 332
55 44
55 195
55 21
55 113
55 258
55 151
55 139
55 424
55 213
55 368
55 45
55 346
55 225
55 268
55 165
55 146
55 28
55 31
55 271
55 73
55 226
55 350
55 475
55 337
55 481
55 193
493 173
493 163
493 302
493 450
493 92
493 245
493 432
493 21
493 274
493 305
493 390
493 280
493 373
493 300
493 291
493 161
493 78
493 263
493 108
493 436
493 364
493 218
493 491
493 66
493 341
493 439
493 375
493 350
493 184
493 475
171 126
171 333
171 192
171 228
171 77
171 201
171 84
171 281
171 441
171 323
171 298
171 293
171 2
171 400
171 327
171 97
171 267
171 404
171 83
171 370
171 45
171 324
171 129
171 393
171 205
171 345
171 181
171 317
171 402
171 157
171 194
171 363
171 241
171 394
171 170
171 421
171 277
171 467
171 473
171 229
171 481
171 374
171 193
126 116
126 54
126 200
126 163
126 357
126 92
126 5
126 89
126 185
126 224
126 215
126 323
126 270
126 431
126 71
126 139
126 259
126 284
126 483
126 312
126 109
126 261
126 327
126 95
126 297
126 313
126 362
126 118
126 377
126 365
126 310
126 393
126 205
126 499
126 181
126 402
126 487
126 10
126 47
126 394
126 170
126 14
126 447
126 61
126 477
126 488
126 490
173 425
173 183
173 189
173 192
173 228
173 357
173 231
173 461
173 281
173 215
173 115
173 276
173 144
173 151
173 95
173 20
173 446
173 22
173 362
173 255
173 146
173 428
173 315
173 350
173 277
173 475
173 40
425 116
425 183
425 207
425 405
425 191
425 283
425 21
425 82
425 305
425 230
425 154
425 304
425 308
425 483
425 327
425 9
425 127
425 22
425 491
425 458
425 329
425 181
425 49
425 62
425 167
425 341
425 439
425 448
425 474
425 359
425 353
425 488
425 490
172 70
172 294
172 217
172 89
172 331
172 29
172 494
172 343
172 139
172 2
172 109
172 175
172 338
172 346
172 178
172 469
172 268
172 205
172 499
172 28
172 452
172 249
172 486
172 435
172 481
172 484
172 122
172 410
306 378
306 183
306 199
306 302
306 53
306 207
306 15
306 283
306 224
306 71
306 454
306 343
306 139
306 296
306 327
306 175
306 338
306 427
306 59
306 78
306 370
306 436
306 272
306 365
306 129
306 401
306 194
306 385
306 320
306 435
306 184
306 437
306 492
306 122
429 100
429 200
429 192
429 334
429 450
429 5
429 386
429 231
429 325
429 244
429 233
429 253
429 246
429 371
429 263
429 346
429 178
429 491
429 330
429 324
429 499
429 62
429 31
429 140
429 428
429 341
429 439
429 448
429 474
429 475
429 481
429 7
429 235
158 357
158 332
158 180
158 77
158 21
158 113
158 433
158 244
158 281
158 82
158 298
158 462
158 213
158 161
158 101
158 263
158 297
158 218
158 393
158 402
158 485
158 62
158 486
158 439
158 375
158 359
158 477
158 481
158 490
158 398
158 193
333 163
333 17
333 53
333 217
333 231
333 89
333 121
333 399
333 276
333 431
333 300
333 154
333 265
333 83
333 20
333 446
333 218
333 197
333 365
333 66
333 310
333 299
333 396
333 157
333 188
333 170
333 445
333 212
333 435
333 463
333 145
333 337
333 229
333 492
333 235
116 378
116 50
116 183
116 357
116 352
116 207
116 92
116 180
116 191
116 234
116 113
116 331
116 82
116 166
116 71
116 373
116 187
116 308
116 335
116 59
116 101
116 416
116 157
116 487
116 303
116 49
116 167
116 212
116 474
116 277
116 229
116 481
378 228
378 372
378 245
378 234
378 121
378 185
378 224
378 423
378 215
378 2
378 187
378 392
378 238
378 364
378 307
378 165
378 310
378 329
378 499
378 367
378 363
378 394
378 239
378 421
378 474
378 33
378 470
378 353
378 467
378 355
378 481
378 40
378 437
378 235
378 122
50 183
50 349
50 408
50 242
50 176
50 258
50 215
50 454
50 388
50 292
50 308
50 206
50 88
50 265
50 322
50 297
50 344
50 341
50 14
50 61
50 474
50 321
50 492
50 374
183 70
183 395
183 217
183 82
183 388
183 2
183 392
183 267
183 427
183 339
183 313
183 491
183 377
183 365
183 299
183 181
183 157
183 194
183 489
183 146
183 10
183 170
183 73
183 295
183 473
183 484
183 490
183 19
100 199
100 217
100 177
100 121
100 250
100 270
100 144
100 71
100 343
100 259
100 91
100 2
100 424
100 9
100 282
100 20
100 108
100 218
100 491
100 376
100 365
100 129
100 499
100 317
100 146
100 445
100 435
100 409
100 470
100 359
100 467
100 411
100 440
100 235
54 36
54 222
54 113
54 433
54 257
54 236
54 390
54 276
54 144
54 343
54 259
54 261
54 148
54 267
54 9
54 404
54 83
54 291
54 266
54 20
54 354
54 264
54 415
54 401
54 485
54 73
54 463
54 468
54 475
54 198
54 478
54 40
54 466
200 419
200 334
200 372
200 5
200 245
200 432
200 77
200 257
200 323
200 144
200 293
200 261
200 327
200 97
200 182
200 127
200 371
200 335
200 78
200 368
200 354
200 313
200 364
200 329
200 157
200 241
200 421
200 315
200 212
200 435
200 478
200 235
200 19
200 410
36 189
36 228
36 17
36 357
36 52
36 15
36 382
36 89
36 433
36 244
36 331
36 236
36 292
36 97
36 368
36 351
36 491
36 165
36 460
36 406
36 157
36 140
36 452
36 439
36 320
36 479
36 41
36 350
36 463
36 321
36 451
163 204
163 222
163 113
163 201
163 230
163 51
163 270
163 292
163 293
163 2
163 109
163 95
163 127
163 427
163 78
163 266
163 362
163 376
163 377
163 458
163 299
163 417
163 402
163 344
163 249
163 486
163 41
163 474
163 128
163 33
163 353
163 468
163 477
163 473
163 229
163 490
189 349
189 192
189 372
189 15
189 44
189 405
189 191
189 433
189 224
189 230
189 280
189 454
189 388
189 233
189 151
189 400
189 308
189 483
189 109
189 335
189 348
189 263
189 354
189 264
189 178
189 272
189 387
189 487
189 31
189 271
189 394
189 445
189 452
189 14
189 474
189 463
189 321
189 475
189 398
349 70
349 332
349 369
349 191
349 195
349 223
349 244
349 82
349 236
349 441
349 166
349 154
349 97
349 427
349 322
349 22
349 324
349 415
349 255
349 460
349 367
349 28
349 271
349 239
349 452
349 421
349 463
349 355
70 419
70 294
70 369
70 242
70 185
70 270
70 390
70 298
70 400
70 88
70 371
70 351
70 307
70 118
70 205
70 460
70 367
70 167
70 10
70 241
70 341
70 320
70 451
192 53
192 372
192 382
192 191
192 186
192 331
192 257
192 51
192 29
192 494
192 276
192 144
192 300
192 400
192 253
192 304
192 206
192 261
192 265
192 404
192 427
192 368
192 446
192 362
192 347
192 329
192 299
192 255
192 499
192 460
192 344
192 394
192 61
192 359
192 463
192 295
192 475
192 229
192 40
192 437
192 410
204 17
204 334
204 199
204 44
204 275
204 382
204 283
204 244
204 166
204 279
204 233
204 292
204 91
204 187
204 296
204 404
204 95
204 266
204 446
204 322
204 364
204 376
204 205
204 271
204 439
204 448
204 61
204 73
204 321
204 145
204 473
204 7
204 437
204 122
419 352
419 278
419 53
419 275
419 243
419 257
419 236
419 29
419 431
419 343
419 293
419 483
419 316
419 238
419 322
419 101
419 354
419 313
419 108
419 436
419 203
419 264
419 218
419 255
419 402
419 62
419 146
419 394
419 170
419 41
419 128
419 277
419 466
419 480
419 122
228 199
228 372
228 244
228 323
228 454
228 139
228 308
228 213
228 371
228 339
228 368
228 436
228 268
228 324
228 347
228 181
228 401
228 487
228 428
228 38
228 421
228 14
228 160
228 466
228 488
17 207
17 372
17 180
17 234
17 257
17 236
17 494
17 280
17 213
17 161
17 416
17 225
17 387
17 66
17 255
17 393
17 406
17 38
17 421
17 479
17 61
17 19
17 410
334 432
334 222
334 382
334 234
334 331
334 82
334 343
334 462
334 392
334 206
334 97
334 446
334 351
334 313
334 272
334 330
334 393
334 205
334 499
334 401
334 402
334 489
334 146
334 38
334 474
334 73
334 184
334 353
334 475
334 7
357 455
357 405
357 223
357 408
357 433
357 244
357 29
357 166
357 187
357 238
357 101
357 263
357 165
357 310
357 393
357 146
357 428
357 188
357 452
357 486
357 448
357 350
357 7
357 398
357 374
199 53
199 369
199 386
199 234
199 113
199 461
199 89
199 281
199 82
199 343
199 2
199 265
199 175
199 338
199 335
199 218
199 491
199 347
199 181
199 487
199 412
199 167
199 249
199 439
199 212
199 463
199 160
199 481
199 7
199 490
302 352
302 231
302 89
302 176
302 258
302 230
302 270
302 390
302 454
302 388
302 154
302 400
302 483
302 424
302 368
302 203
302 272
302 365
302 129
302 417
302 396
302 345
302 303
302 194
302 241
302 394
302 486
302 73
302 411
302 374
302 193
352 395
352 294
352 53
352 180
352 15
352 113
352 433
352 242
352 176
352 360
352 186
352 270
352 71
352 233
352 293
352 187
352 296
352 312
352 265
352 339
352 78
352 297
352 346
352 118
352 272
352 396
352 402
352 406
352 487
352 239
352 38
352 198
352 459
352 7
352 398
455 191
455 231
455 283
455 89
455 373
455 2
455 296
455 424
455 97
455 127
455 427
455 20
455 348
455 307
455 310
455 255
455 401
455 485
455 47
455 188
455 452
455 486
455 315
455 359
455 226
455 411
278 332
278 432
278 231
278 461
278 399
278 390
278 259
278 292
278 154
278 392
278 312
278 88
278 495
278 404
278 161
278 127
278 78
278 351
278 178
278 225
278 218
278 377
278 329
278 406
278 157
278 447
278 435
278 475
278 198
278 374
395 53
395 450
395 180
395 77
395 382
395 231
395 113
395 360
395 423
395 305
395 236
395 230
395 144
395 298
395 71
395 233
395 2
395 400
395 392
395 267
395 338
395 335
395 427
395 446
395 348
395 297
395 469
395 491
395 268
395 347
395 396
395 401
395 363
395 49
395 188
395 439
395 435
395 463
395 411
395 229
395 481
395 466
395 488
395 398
294 52
294 180
294 386
294 21
294 281
294 236
294 51
294 453
294 91
294 267
294 20
294 354
294 45
294 436
294 203
294 364
294 272
294 491
294 417
294 401
294 49
294 489
294 188
294 249
294 486
294 375
294 212
294 448
294 435
294 440
294 488
294 235
53 180
53 245
53 461
53 242
53 281
53 331
53 215
53 233
53 261
53 265
53 404
53 339
53 20
53 101
53 346
53 197
53 272
53 129
53 66
53 499
53 181
53 487
53 239
53 421
53 375
53 184
53 459
207 222
207 121
207 243
207 441
207 51
207 316
207 495
207 175
207 238
207 297
207 436
207 225
207 218
207 376
207 365
207 310
207 415
207 299
207 367
207 157
207 49
207 146
207 28
207 10
207 239
207 385
207 198
207 160
207 478
207 466
372 231
372 113
372 408
372 243
372 281
372 257
372 115
372 280
372 206
372 127
372 371
372 78
372 416
372 436
372 387
372 347
372 460
372 367
372 249
372 315
372 61
372 463
372 353
372 229
372 40
372 484
372 410
52 77
52 408
52 433
52 257
52 423
52 431
52 39
52 175
52 266
52 446
52 362
52 66
52 310
52 401
52 194
52 341
52 385
52 447
52 479
52 128
52 277
52 353
52 321
52 475
52 198
52 40
52 484
450 44
450 243
450 201
450 186
450 423
450 166
450 270
450 300
450 206
450 267
450 404
450 339
450 362
450 469
450 129
450 162
450 329
450 417
450 412
450 363
450 49
450 489
450 421
450 320
450 479
450 463
450 353
450 477
450 437
450 492
450 398
332 245
332 369
332 77
332 242
332 185
332 257
332 166
332 270
332 115
332 454
332 388
332 300
332 462
332 284
332 246
332 46
332 313
332 108
332 205
332 417
332 406
332 157
332 194
332 428
332 170
332 41
332 435
332 184
332 477
332 355
332 198
332 437
92 185
92 331
92 257
92 51
92 270
92 279
92 431
92 298
92 154
92 187
92 392
92 338
92 95
92 127
92 416
92 436
92 162
92 271
92 41
92 409
92 463
92 321
92 355
92 437
92 490
92 19
92 410
180 15
180 461
180 89
180 433
180 244
180 243
180 360
180 224
180 230
180 441
180 298
180 462
180 2
180 109
180 9
180 127
180 59
180 225
180 310
180 345
180 460
180 194
180 489
180 146
180 457
180 445
180 375
180 447
180 448
180 359
180 277
180 353
180 145
180 473
180 475
180 229
180 198
180 484
180 459
180 410
5 44
5 408
5 242
5 250
5 305
5 293
5 206
5 316
5 127
5 427
5 282
5 22
5 346
5 225
5 491
5 329
5 62
5 241
5 421
5 14
5 212
5 447
5 359
5 463
5 467
5 40
5 437
5 492
5 480
5 193
5 451
245 195
245 201
245 176
245 230
245 373
245 343
245 2
245 449
245 424
245 265
245 83
245 266
245 282
245 20
245 322
245 225
245 197
245 129
245 167
245 452
245 249
245 447
245 409
245 145
245 475
245 337
245 122
432 283
432 433
432 441
432 462
432 91
432 316
432 265
432 404
432 161
432 127
432 59
432 282
432 351
432 45
432 203
432 347
432 162
432 345
432 317
432 402
432 47
432 140
432 452
432 14
432 409
432 477
432 355
432 478
432 440
432 459
432 19
217 382
217 191
217 386
217 283
217 250
217 274
217 257
217 323
217 154
217 312
217 59
217 78
217 211
217 101
217 345
217 181
217 157
217 344
217 49
217 10
217 239
217 249
217 486
217 315
217 409
217 226
217 468
217 411
217 478
217 484
217 459
217 7
217 480
369 51
369 462
369 392
369 253
369 424
369 416
369 469
369 499
369 367
369 194
369 47
369 439
369 448
369 33
369 470
369 477
369 337
369 160
369 374
15 77
15 433
15 242
15 185
15 176
15 215
15 233
15 462
15 293
15 2
15 187
15 296
15 246
15 238
15 313
15 108
15 377
15 499
15 345
15 317
15 406
15 363
15 167
15 10
15 457
15 249
15 439
15 448
15 128
15 73
15 198
77 191
77 461
77 408
77 258
77 51
77 390
77 115
77 343
77 187
77 312
77 175
77 371
77 218
77 491
77 393
77 62
77 47
77 249
77 486
77 409
77 33
77 184
77 467
77 19
44 177
44 234
44 89
44 331
44 423
44 166
44 144
44 431
44 88
44 449
44 424
44 83
44 46
44 282
44 20
44 101
44 108
44 203
44 307
44 387
44 491
44 205
44 396
44 428
44 239
44 38
44 212
44 448
44 474
44 409
44 33
44 359
44 350
44 488
44 480
222 177
222 325
222 454
222 233
222 343
222 91
222 253
222 308
222 261
222 449
222 424
222 495
222 175
222 371
222 211
222 330
222 347
222 402
222 406
222 363
222 271
222 188
222 341
222 445
222 486
222 375
222 321
222 355
222 473
222 160
222 488
222 374
275 386
275 408
275 89
275 242
275 121
275 250
275 257
275 51
275 453
275 280
275 373
275 343
275 483
275 312
275 316
275 338
275 46
275 348
275 416
275 45
275 491
275 162
275 344
275 10
275 47
275 140
275 486
275 439
275 385
275 375
275 73
275 226
275 184
275 467
275 355
275 198
275 160
275 193
382 231
382 325
382 234
382 201
382 82
382 258
382 51
382 454
382 388
382 259
382 2
382 371
382 335
382 263
382 307
382 165
382 458
382 129
382 299
382 499
382 485
382 452
382 385
382 479
382 435
382 184
382 7
382 488
382 490
382 480
405 84
405 82
405 298
405 462
405 296
405 97
405 267
405 9
405 348
405 313
405 436
405 364
405 118
405 377
405 330
405 415
405 205
405 181
405 303
405 489
405 146
405 10
405 320
405 14
405 128
405 353
405 468
405 437
405 193
405 451
191 386
191 113
191 281
191 257
191 423
191 51
191 215
191 431
191 151
191 259
191 267
191 95
191 322
191 351
191 313
191 491
191 165
191 396
191 401
191 460
191 406
191 487
191 10
191 249
191 439
191 320
191 447
191 474
191 411
191 466
191 122
191 451
191 410
386 223
386 325
386 89
386 280
386 233
386 259
386 148
386 9
386 272
386 66
386 310
386 255
386 401
386 402
386 140
386 448
386 474
386 468
386 466
195 283
195 281
195 441
195 115
195 296
195 304
195 261
195 371
195 59
195 436
195 415
195 396
195 345
195 367
195 344
195 194
195 241
195 394
195 315
195 61
195 277
195 355
195 466
223 360
223 281
223 331
223 441
223 29
223 187
223 148
223 267
223 182
223 427
223 446
223 203
223 346
223 118
223 469
223 363
223 167
223 28
223 140
223 239
223 445
223 38
223 435
223 33
223 277
223 353
223 145
223 473
223 437
223 193
177 21
177 433
177 399
177 494
177 339
177 368
177 370
177 313
177 362
177 272
177 310
177 329
177 157
177 391
177 49
177 62
177 167
177 457
177 428
177 445
177 14
177 479
177 435
177 409
177 467
177 295
177 488
177 398
231 89
231 244
231 186
231 331
231 224
231 423
231 399
231 373
231 233
231 292
231 312
231 182
231 265
231 238
231 78
231 20
231 416
231 364
231 307
231 197
231 458
231 365
231 393
231 31
231 341
231 41
231 409
231 398
325 242
325 281
325 236
325 151
325 139
325 91
325 392
325 304
325 88
325 371
325 78
325 266
325 282
325 370
325 22
325 436
325 165
325 330
325 458
325 324
325 310
325 205
325 401
325 487
325 303
325 344
325 363
325 448
325 474
325 353
325 467
325 475
325 7
325 410
283 250
283 258
283 423
283 230
283 166
283 259
283 293
283 284
283 424
283 495
283 338
283 83
283 161
283 78
283 211
283 446
283 178
283 307
283 225
283 218
283 299
283 402
283 31
283 320
283 479
283 33
283 73
283 468
283 477
234 408
234 257
234 305
234 139
234 462
234 400
234 304
234 312
234 97
234 9
234 371
234 469
234 129
234 255
234 181
234 402
234 157
234 194
234 140
234 241
234 188
234 239
234 341
234 128
234 73
234 350
234 477
234 355
234 411
234 484
21 431
21 109
21 327
21 213
21 9
21 371
21 78
21 368
21 313
21 362
21 346
21 225
21 118
21 129
21 162
21 66
21 310
21 485
21 146
21 341
21 486
21 439
21 474
21 470
21 73
21 481
21 40
21 374
21 193
113 408
113 265
113 175
113 161
113 339
113 351
113 22
113 354
113 416
113 45
113 203
113 272
113 324
113 402
113 460
113 485
113 62
113 28
113 452
113 38
113 385
113 41
113 226
113 350
113 459
113 437
461 408
461 201
461 257
461 399
461 390
461 276
461 71
461 2
461 449
461 424
461 9
461 83
461 238
461 59
461 368
461 322
461 436
461 417
461 367
461 241
461 445
461 421
461 226
461 467
461 440
461 235
461 122
408 243
408 201
408 274
408 281
408 166
408 139
408 293
408 400
408 483
408 261
408 211
408 263
408 354
408 108
408 197
408 129
408 66
408 299
408 31
408 320
408 277
408 321
408 490
408 480
408 235
408 451
408 410
89 433
89 242
89 292
89 39
89 495
89 338
89 59
89 446
89 263
89 469
89 387
89 330
89 324
89 393
89 499
89 401
89 367
89 394
89 170
89 439
89 315
89 470
89 226
89 337
89 481
89 374
433 390
433 259
433 2
433 392
433 483
433 161
433 127
433 59
433 351
433 364
433 272
433 387
433 329
433 299
433 417
433 367
433 391
433 49
433 428
433 445
433 315
433 375
433 447
433 470
433 145
433 198
433 160
433 478
433 492
433 122
433 451
244 121
244 186
244 29
244 298
244 151
244 462
244 296
244 304
244 449
244 338
244 238
244 370
244 255
244 393
244 345
244 49
244 359
244 440
244 459
244 235
242 250
242 331
242 51
242 144
242 373
242 233
242 304
242 308
242 206
242 246
242 88
242 148
242 267
242 108
242 45
242 203
242 458
242 299
242 181
242 402
242 367
242 38
242 409
242 359
242 226
242 350
242 277
242 321
242 467
242 481
242 40
242 466
242 235
121 257
121 305
121 388
121 259
121 292
121 246
121 148
121 424
121 9
121 313
121 165
121 324
121 162
121 345
121 49
121 167
121 445
121 33
121 277
121 481
121 440
243 274
243 305
243 144
243 298
243 373
243 343
243 296
243 246
243 424
243 282
243 264
243 491
243 458
243 129
243 415
243 396
243 345
243 391
243 363
243 489
243 271
243 457
243 341
243 447
243 448
243 355
243 411
243 229
201 185
201 250
201 186
201 230
201 51
201 343
201 338
201 446
201 263
201 364
201 218
201 197
201 129
201 299
201 345
201 489
201 394
201 188
201 320
201 41
201 33
201 295
201 490
201 374
201 235
201 451
84 258
84 423
84 305
84 230
84 29
84 215
84 270
84 280
84 400
84 327
84 213
84 108
84 178
84 118
84 365
84 162
84 402
84 487
84 412
84 363
84 10
84 188
84 385
84 375
84 479
84 474
84 353
84 411
185 399
185 270
185 279
185 276
185 298
185 71
185 151
185 308
185 483
185 22
185 376
185 347
185 299
185 255
185 460
185 445
185 421
185 385
185 33
185 355
185 473
185 484
185 490
185 193
185 451
176 390
176 151
176 292
176 253
176 261
176 175
176 83
176 161
176 20
176 297
176 108
176 310
176 205
176 396
176 47
176 445
176 385
176 320
176 477
176 484
176 374
176 235
176 122
176 451
360 423
360 390
360 453
360 276
360 298
360 454
360 296
360 109
360 316
360 182
360 127
360 335
360 272
360 376
360 205
360 499
360 345
360 452
360 38
360 33
360 350
360 184
360 229
360 374
360 410
250 441
250 454
250 388
250 233
250 259
250 91
250 296
250 400
250 206
250 449
250 127
250 238
250 427
250 339
250 282
250 20
250 313
250 108
250 178
250 255
250 402
250 367
250 47
250 457
250 385
250 33
250 463
250 184
250 473
250 198
250 488
250 451
274 305
274 323
274 115
274 139
274 83
274 46
274 291
274 282
274 313
274 416
274 118
274 376
274 299
274 402
274 194
274 188
274 439
274 353
274 337
274 198
274 490
274 398
274 451
281 399
281 298
281 373
281 462
281 400
281 327
281 404
281 335
281 22
281 297
281 118
281 347
281 303
281 489
281 47
281 241
281 457
281 239
281 341
281 435
281 350
281 277
281 481
281 40
186 82
186 236
186 166
186 233
186 293
186 2
186 267
186 291
186 282
186 348
186 346
186 197
186 347
186 162
186 402
186 367
186 485
186 412
186 241
186 439
186 226
186 350
186 475
186 459
186 410
331 236
331 166
331 276
331 109
331 246
331 267
331 338
331 404
331 291
331 59
331 266
331 108
331 225
331 365
331 367
331 38
331 277
224 215
224 166
224 115
224 494
224 280
224 343
224 91
224 101
224 45
224 364
224 387
224 401
224 486
224 38
224 73
224 468
224 473
82 270
82 279
82 259
82 304
82 261
82 267
82 263
82 297
82 387
82 347
82 345
82 181
82 271
82 486
82 350
82 475
82 7
82 19
257 399
257 166
257 453
257 233
257 343
257 259
257 154
257 296
257 253
257 308
257 246
257 182
257 83
257 238
257 205
257 157
257 28
257 271
257 457
257 14
257 41
257 229
257 480
257 122
258 298
258 308
258 424
258 9
258 175
258 291
258 101
258 351
258 263
258 297
258 45
258 264
258 329
258 417
258 499
258 457
258 14
258 474
258 359
258 321
258 477
258 411
258 440
258 490
258 374
423 305
423 441
423 166
423 453
423 276
423 144
423 431
423 400
423 312
423 495
423 354
423 297
423 313
423 272
423 165
423 417
423 157
423 344
423 47
423 486
423 375
423 212
423 33
423 184
423 467
423 337
423 160
423 459
423 374
423 410
305 115
305 431
305 2
305 238
305 20
305 297
305 416
305 45
305 203
305 346
305 178
305 218
305 345
305 181
305 406
305 241
305 394
305 38
305 448
305 359
305 477
305 145
236 279
236 453
236 454
236 293
236 91
236 392
236 308
236 148
236 362
236 225
236 299
236 393
236 460
236 146
236 10
236 241
236 170
236 38
236 439
236 320
236 479
236 474
236 353
236 337
236 481
236 440
236 466
236 19
230 441
230 343
230 154
230 187
230 246
230 148
230 282
230 351
230 297
230 416
230 346
230 272
230 299
230 205
230 391
230 49
230 62
230 489
230 170
230 375
230 448
230 435
230 350
230 467
230 411
230 235
441 431
441 293
441 154
441 187
441 284
441 308
441 327
441 267
441 427
441 436
441 346
441 307
441 376
441 458
441 324
441 347
441 162
441 329
441 205
441 417
441 499
441 194
441 62
441 28
441 445
441 486
441 474
441 435
441 353
441 467
441 468
441 229
441 40
441 488
441 235
441 122
51 154
51 304
51 404
51 211
51 22
51 354
51 203
51 458
51 402
51 391
51 412
51 489
51 41
51 474
51 470
51 73
51 473
51 484
51 398
51 122
399 115
399 71
399 233
399 343
399 139
399 300
399 284
399 206
399 127
399 427
399 59
399 197
399 376
399 347
399 205
399 499
399 345
399 401
399 391
399 463
399 477
399 484
399 480
399 122
29 270
29 276
29 88
29 404
29 83
29 282
29 263
29 45
29 469
29 377
29 460
29 485
29 391
29 146
29 394
29 188
29 435
29 355
29 198
29 40
29 459
29 398
29 410
215 431
215 300
215 462
215 304
215 88
215 9
215 416
215 178
215 218
215 491
215 458
215 324
215 66
215 205
215 417
215 499
215 367
215 344
215 363
215 49
215 489
215 10
215 428
215 394
215 315
215 128
215 184
215 321
215 459
215 451
323 233
323 91
323 253
323 213
323 427
323 339
323 197
323 458
323 324
323 415
323 299
323 393
323 181
323 363
323 421
323 14
323 475
323 490
323 235
323 122
323 410
166 115
166 494
166 71
166 2
166 187
166 312
166 97
166 267
166 404
166 291
166 161
166 436
166 264
166 491
166 268
166 460
166 485
166 47
166 320
166 488
270 462
270 296
270 304
270 101
270 22
270 108
270 377
270 268
270 415
270 393
270 345
270 157
270 457
270 479
270 226
270 321
270 481
270 398
390 144
390 388
390 182
390 495
390 263
390 197
390 469
390 387
390 146
390 31
390 140
390 452
390 315
390 385
390 41
390 295
390 160
390 466
279 115
279 233
279 327
279 46
279 291
279 161
279 416
279 307
279 330
279 345
279 402
279 344
279 435
279 277
279 481
279 484
279 235
115 253
115 284
115 88
115 495
115 83
115 370
115 416
115 436
115 469
115 162
115 310
115 299
115 317
115 402
115 406
115 146
115 457
115 385
115 435
115 409
115 198
453 300
453 292
453 304
453 483
453 312
453 206
453 97
453 263
453 272
453 376
453 268
453 299
453 317
453 460
453 28
453 170
453 61
453 41
453 463
453 355
453 145
453 337
453 160
453 40
453 484
453 488
453 492
453 480
453 122
494 276
494 454
494 139
494 88
494 213
494 95
494 127
494 416
494 436
494 346
494 307
494 387
494 365
494 415
494 412
494 385
494 212
494 73
494 477
494 475
494 492
276 431
276 298
276 2
276 253
276 312
276 424
276 213
276 291
276 371
276 78
276 354
276 178
276 376
276 377
276 299
276 345
276 181
276 406
276 157
276 73
276 463
276 467
144 300
144 296
144 265
144 161
144 339
144 211
144 263
144 330
144 324
144 329
144 299
144 401
144 239
144 486
144 212
144 447
144 128
144 359
144 277
144 477
144 411
144 466
144 437
144 235
431 151
431 292
431 338
431 83
431 339
431 396
431 194
431 140
431 394
431 435
431 33
431 350
431 198
431 478
431 437
431 398
431 122
298 388
298 233
298 39
298 335
298 78
298 387
298 162
298 205
298 317
298 391
298 194
298 62
298 486
298 421
298 385
298 61
298 226
298 463
298 467
298 40
298 440
298 490
298 451
280 373
280 151
280 312
280 206
280 246
280 88
280 404
280 95
280 371
280 446
280 364
280 491
280 310
280 299
280 345
280 170
280 341
280 445
280 212
280 128
280 73
280 467
280 198
71 293
71 187
71 284
71 261
71 424
71 97
71 267
71 404
71 370
71 436
71 469
71 345
71 487
71 363
71 62
71 271
71 170
71 320
71 14
71 61
71 41
71 409
71 295
71 488
71 19
373 151
373 292
373 39
373 261
373 267
373 213
373 338
373 211
373 354
373 416
373 203
373 218
373 118
373 365
373 324
373 347
373 329
373 345
373 167
373 140
373 341
373 249
373 479
373 61
373 229
373 459
373 466
454 187
454 392
454 327
454 9
454 339
454 370
454 203
454 364
454 469
454 387
454 165
454 393
454 205
454 489
454 239
454 341
454 38
454 448
454 359
454 226
454 321
454 477
454 295
454 466
454 488
454 480
454 193
454 122
454 410
388 259
388 296
388 253
388 267
388 175
388 238
388 59
388 351
388 365
388 324
388 345
388 146
388 28
388 140
388 38
388 421
388 479
388 470
388 350
388 277
388 355
388 475
388 198
388 410
233 300
233 154
233 182
233 291
233 339
233 354
233 307
233 387
233 499
233 391
233 47
233 188
233 14
233 474
233 128
233 480
233 235
343 296
343 392
343 495
343 9
343 338
343 313
343 118
343 66
343 329
343 181
343 62
343 249
343 212
343 61
343 41
343 409
343 463
343 473
343 484
343 466
151 400
151 392
151 261
151 495
151 291
151 78
151 20
151 446
151 129
151 391
151 194
151 457
151 445
151 315
151 359
151 477
151 437
151 374
139 300
139 253
139 175
139 371
139 313
139 307
139 376
139 330
139 458
139 324
139 129
139 66
139 194
139 31
139 457
139 249
139 421
139 435
139 226
139 355
139 145
139 337
139 40
300 2
300 308
300 483
300 327
300 182
300 291
300 78
300 368
300 370
300 322
300 364
300 469
300 458
300 299
300 255
300 303
300 14
300 448
300 61
300 474
300 73
300 353
300 295
300 198
300 160
300 488
300 19
259 187
259 97
259 175
259 338
259 95
259 335
259 20
259 264
259 218
259 365
259 255
259 396
259 499
259 317
259 167
259 47
259 38
259 320
259 145
259 411
259 374
259 480
462 109
462 282
462 218
462 469
462 491
462 376
462 330
462 499
462 317
462 47
462 241
462 249
462 385
462 359
462 226
462 353
462 229
462 7
292 39
292 284
292 97
292 266
292 368
292 307
292 218
292 272
292 165
292 393
292 499
292 181
292 487
292 344
292 194
292 62
292 170
292 341
292 435
292 409
292 128
292 226
292 467
292 145
292 229
292 451
293 296
293 392
293 308
293 338
293 404
293 83
293 46
293 161
293 266
293 211
293 101
293 263
293 364
293 487
293 428
293 375
293 479
293 277
293 473
293 484
293 235
293 193
91 449
91 338
91 404
91 351
91 297
91 108
91 203
91 178
91 365
91 396
91 317
91 49
91 167
91 28
91 212
91 226
91 353
91 160
91 492
2 187
2 296
2 109
2 88
2 175
2 297
2 416
2 218
2 197
2 460
2 62
2 271
2 315
2 470
2 73
2 321
2 481
2 440
2 484
2 398
2 480
2 193
39 392
39 261
39 327
39 316
39 371
39 238
39 59
39 282
39 446
39 348
39 436
39 118
39 469
39 458
39 365
39 129
39 310
39 299
39 487
39 303
39 194
39 489
39 341
39 375
39 448
39 435
39 359
39 350
39 184
39 477
39 475
39 40
39 459
154 400
154 308
154 109
154 246
154 46
154 354
154 297
154 268
154 367
154 452
154 375
154 470
154 353
154 459
154 488
154 235
154 193
154 122
187 206
187 97
187 265
187 338
187 95
187 127
187 211
187 203
187 264
187 364
187 165
187 66
187 402
187 367
187 194
187 146
187 167
187 188
187 375
187 73
187 440
187 484
187 480
296 308
296 246
296 88
296 338
296 161
296 282
296 297
296 45
296 264
296 458
296 329
296 485
296 303
296 412
296 31
296 385
296 479
296 463
296 411
296 235
400 253
400 495
400 175
400 335
400 368
400 322
400 354
400 178
400 118
400 491
400 329
400 62
400 486
400 439
400 295
400 7
392 109
392 175
392 354
392 203
392 364
392 365
392 162
392 255
392 417
392 317
392 157
392 391
392 194
392 445
392 452
392 38
392 315
392 14
392 61
392 41
392 33
392 468
392 160
392 484
392 7
392 19
253 206
253 371
253 59
253 78
253 108
253 203
253 264
253 491
253 299
253 303
253 10
253 212
253 448
253 467
253 473
253 40
253 459
253 7
253 490
284 495
284 338
284 368
284 20
284 307
284 458
284 310
284 329
284 394
284 445
284 448
284 467
284 475
284 40
284 484
284 459
284 451
304 266
304 436
304 264
304 129
304 317
304 28
304 445
304 474
304 435
304 184
304 473
304 229
304 410
308 109
308 495
308 161
308 351
308 313
308 364
308 272
308 268
308 205
308 396
308 487
308 31
308 140
308 448
308 479
308 198
308 40
308 193
483 312
483 109
483 261
483 46
483 161
483 427
483 78
483 22
483 45
483 225
483 469
483 329
483 255
483 402
483 315
483 320
483 41
483 409
483 468
483 355
483 411
483 160
483 478
483 398
483 374
483 480
483 410
312 449
312 351
312 45
312 218
312 387
312 365
312 345
312 317
312 303
312 49
312 341
312 486
312 435
312 277
312 467
312 475
312 480
206 246
206 327
206 449
206 267
206 175
206 404
206 83
206 322
206 197
206 365
206 345
206 401
206 487
206 363
206 62
206 146
206 249
206 479
206 226
206 481
206 40
206 490
206 492
109 261
109 449
109 95
109 161
109 78
109 211
109 178
109 225
109 458
109 415
109 499
109 194
109 271
109 394
109 452
109 320
109 474
109 470
109 359
109 468
109 355
109 484
109 7
109 398
246 88
246 338
246 339
246 263
246 165
246 499
246 401
246 367
246 391
246 194
246 394
246 188
246 479
246 128
246 33
246 184
246 353
246 481
246 451
261 449
261 291
261 335
261 348
261 218
261 469
261 376
261 165
261 330
261 329
261 402
261 406
261 194
261 241
261 394
261 479
261 409
261 128
261 277
261 295
261 490
327 316
327 9
327 446
327 45
327 218
327 458
327 205
327 345
327 241
327 394
327 320
327 375
327 321
327 40
88 127
88 59
88 101
88 313
88 416
88 264
88 491
88 329
88 417
88 396
88 241
88 188
88 239
88 14
88 467
88 468
88 411
88 440
88 480
449 97
449 238
449 339
449 370
449 178
449 165
449 330
449 66
449 157
449 487
449 391
449 344
449 271
449 170
449 445
449 315
449 490
449 19
148 182
148 495
148 338
148 46
148 161
148 371
148 335
148 101
148 313
148 387
148 377
148 165
148 329
148 460
148 412
148 47
148 457
148 428
148 341
148 385
148 41
148 73
148 475
316 424
316 370
316 322
316 307
316 165
316 310
316 329
316 415
316 345
316 31
316 188
316 249
316 385
316 212
316 295
316 122
424 265
424 9
424 175
424 404
424 371
424 238
424 20
424 211
424 101
424 272
424 365
424 324
424 299
424 344
424 194
424 49
424 146
424 241
424 170
424 359
424 350
424 411
424 459
97 404
97 368
97 211
97 446
97 354
97 297
97 108
97 330
97 415
97 28
97 474
97 128
97 145
97 478
97 481
97 122
267 9
267 95
267 351
267 225
267 272
267 377
267 129
267 66
267 396
267 402
267 460
267 303
267 140
267 385
267 226
267 350
267 277
267 184
267 468
267 477
267 398
267 410
182 83
182 20
182 436
182 178
182 197
182 347
182 460
182 489
182 146
182 241
182 452
182 375
182 277
182 355
182 145
182 337
182 481
182 440
182 374
213 265
213 95
213 264
213 178
213 197
213 365
213 415
213 205
213 417
213 499
213 341
213 320
213 73
213 277
213 321
213 440
213 19
213 122
213 410
495 95
495 59
495 297
495 45
495 218
495 165
495 396
495 271
495 428
495 445
495 375
495 477
495 198
495 40
495 480
495 235
265 9
265 264
265 364
265 310
265 415
265 344
265 62
265 167
265 452
265 486
265 439
265 385
265 467
265 355
265 122
9 175
9 291
9 127
9 266
9 368
9 108
9 346
9 307
9 272
9 165
9 391
9 146
9 428
9 170
9 320
9 474
9 409
9 490
175 78
175 282
175 22
175 297
175 108
175 268
175 329
175 393
175 499
175 363
175 49
175 489
175 28
175 170
175 341
175 439
175 320
175 14
175 212
175 160
175 490
175 235
175 410
338 427
338 211
338 354
338 416
338 203
338 329
338 299
338 255
338 205
338 28
338 271
338 394
338 353
338 490
338 374
338 193
404 238
404 20
404 416
404 346
404 218
404 268
404 415
404 406
404 344
404 428
404 447
404 33
404 359
404 353
404 321
404 467
404 40
404 480
404 193
83 335
83 351
83 297
83 362
83 264
83 178
83 330
83 129
83 299
83 205
83 499
83 406
83 303
83 10
83 320
83 212
83 41
83 484
95 161
95 59
95 351
95 45
95 436
95 225
95 491
95 165
95 255
95 460
95 391
95 140
95 239
95 445
95 452
95 477
95 473
95 480
46 161
46 127
46 108
46 387
46 347
46 310
46 391
46 363
46 239
46 170
46 128
46 33
46 467
46 40
291 370
291 22
291 313
291 108
291 205
291 417
291 460
291 157
291 194
291 146
291 28
291 212
291 128
291 359
291 463
291 321
291 468
291 295
291 198
291 481
161 313
161 324
161 310
161 205
161 406
161 344
161 489
161 31
161 241
161 439
161 435
161 477
161 437
161 480
127 322
127 22
127 436
127 307
127 324
127 205
127 487
127 167
127 409
127 277
127 480
371 368
371 351
371 263
371 225
371 165
371 347
371 299
371 499
371 367
371 485
371 412
371 479
371 295
371 473
371 229
371 19
335 78
335 313
335 416
335 225
335 165
335 406
335 445
335 486
335 315
335 40
335 235
238 297
238 225
238 347
238 303
238 344
238 146
238 457
238 445
238 38
238 409
238 470
427 368
427 370
427 362
427 417
427 317
427 460
427 367
427 485
427 28
427 140
427 457
427 315
427 474
427 470
427 40
427 7
59 20
59 22
59 203
59 362
59 197
59 118
59 499
59 345
59 401
59 367
59 31
59 239
59 448
59 41
59 435
59 128
59 470
59 350
59 337
59 198
59 160
59 478
59 481
59 40
59 484
59 490
339 20
339 348
339 351
339 307
339 225
339 469
339 376
339 499
339 49
339 31
339 375
339 435
339 470
339 184
339 475
339 478
78 370
78 118
78 458
78 415
78 345
78 317
78 363
78 170
78 128
78 470
78 277
78 321
78 337
78 484
78 437
266 368
266 268
266 165
266 347
266 66
266 255
266 393
266 317
266 391
266 445
266 486
266 421
266 14
266 479
266 61
266 359
266 40
266 437
266 410
282 101
282 263
282 297
282 365
282 205
282 417
282 345
282 406
282 344
282 49
282 249
282 439
282 385
282 14
282 353
282 295
368 20
368 307
368 218
368 118
368 272
368 365
368 129
368 329
368 485
368 62
368 31
368 341
368 249
368 448
368 353
368 467
368 7
368 480
370 20
370 211
370 436
370 310
370 255
370 146
370 385
370 467
370 229
370 198
370 40
370 374
370 451
20 354
20 264
20 272
20 458
20 324
20 66
20 167
20 409
20 33
20 467
20 337
20 478
20 488
20 490
20 480
211 416
211 108
211 225
211 118
211 491
211 268
211 162
211 255
211 396
211 181
211 394
211 452
211 41
211 470
211 374
211 451
446 348
446 108
446 203
446 346
446 376
446 365
446 415
446 299
446 62
446 489
446 146
446 271
446 445
446 479
446 277
446 463
446 353
446 459
446 492
446 480
446 410
348 297
348 416
348 45
348 272
348 491
348 324
348 317
348 401
348 460
348 485
348 487
348 62
348 146
348 28
348 73
348 145
322 203
322 197
322 66
322 49
322 489
322 146
322 445
322 212
322 474
322 350
322 477
322 355
322 295
322 198
322 122
101 351
101 263
101 272
101 469
101 255
101 499
101 485
101 140
101 249
101 486
101 41
101 459
101 437
351 45
351 203
351 178
351 330
351 347
351 460
351 146
351 188
351 249
351 375
351 435
351 463
351 355
351 478
351 374
351 122
263 22
263 354
263 165
263 329
263 299
263 489
263 448
263 479
263 477
263 145
263 459
263 7
22 45
22 218
22 118
22 268
22 129
22 347
22 162
22 66
22 415
22 181
22 402
22 194
22 363
22 62
22 489
22 167
22 439
22 421
22 435
22 409
22 33
22 470
22 73
22 145
22 160
22 440
22 492
354 264
354 364
354 458
354 396
354 241
354 457
354 394
354 350
354 337
354 481
354 490
354 492
297 313
297 469
297 330
297 415
297 406
297 146
297 10
297 241
297 428
297 170
297 385
297 14
297 409
297 470
297 467
297 437
297 19
297 122
297 451
313 491
313 165
313 458
313 365
313 347
313 393
313 439
313 212
313 479
313 226
313 467
313 355
313 145
313 473
313 235
313 122
313 451
416 364
416 387
416 365
416 162
416 310
416 181
416 367
416 412
416 445
416 61
416 475
108 203
108 469
108 347
108 299
108 367
108 344
108 146
108 38
108 184
108 355
108 145
108 466
108 488
45 225
45 129
45 460
45 49
45 489
45 271
45 428
45 463
45 337
45 478
45 7
45 398
436 165
436 347
436 162
436 499
436 212
436 350
436 277
436 477
436 295
436 480
436 122
203 255
203 396
203 485
203 49
203 170
203 445
203 249
203 41
203 468
203 160
203 437
203 451
362 307
362 491
362 330
362 129
362 417
362 375
362 463
362 467
362 193
264 307
264 330
264 162
264 66
264 415
264 396
264 317
264 367
264 303
264 167
264 170
264 479
264 41
264 128
264 477
264 481
264 440
264 122
364 178
364 162
364 241
364 421
364 277
364 473
364 475
364 488
364 490
346 376
346 157
346 363
346 448
346 479
346 61
346 128
346 321
346 411
346 374
178 225
178 499
178 157
178 303
178 49
178 28
178 439
178 14
178 409
178 470
178 437
178 492
307 329
307 417
307 396
307 146
307 31
307 212
307 479
307 61
307 409
307 463
307 184
307 353
307 295
307 193
225 197
225 401
225 402
225 485
225 146
225 474
225 277
225 295
225 481
225 484
225 19
225 410
218 272
218 66
218 310
218 31
218 457
218 466
218 398
218 480
218 19
197 129
197 487
197 489
197 167
197 479
197 470
197 226
197 184
197 473
197 19
118 377
118 365
118 324
118 129
118 310
118 329
118 417
118 345
118 460
118 489
118 320
118 375
118 448
118 128
272 469
272 129
272 310
272 345
272 239
272 41
272 73
272 475
272 490
469 415
469 401
469 485
469 394
469 486
469 38
469 470
469 226
469 184
469 411
469 440
387 491
387 377
387 365
387 401
387 303
387 271
387 47
387 428
387 452
387 486
387 212
387 353
387 468
387 198
387 160
387 478
491 458
491 499
491 181
491 401
491 303
491 194
491 62
491 489
491 167
491 47
491 239
491 452
491 448
491 479
491 470
491 277
491 473
491 337
491 160
491 492
491 451
376 329
376 393
376 499
376 406
376 412
376 47
376 341
376 448
376 470
376 359
376 350
376 355
376 440
376 437
377 330
377 162
377 255
377 460
377 194
377 170
377 445
377 447
377 479
377 474
377 466
268 162
268 310
268 393
268 396
268 212
268 409
268 350
268 463
268 459
165 458
165 324
165 205
165 485
165 303
165 49
165 249
165 435
165 470
165 226
165 350
165 468
165 295
165 411
165 7
165 480
330 324
330 415
330 299
330 401
330 406
330 47
330 421
330 212
330 448
330 350
330 353
330 374
330 19
330 193
458 181
458 406
458 157
458 167
458 439
458 320
458 14
458 226
458 467
458 355
458 337
458 374
365 347
365 417
365 460
365 406
365 363
365 341
365 315
365 448
365 61
365 184
365 492
365 398
324 129
324 347
324 255
324 393
324 303
324 10
324 47
324 445
324 421
324 61
324 466
324 374
129 317
129 406
129 140
129 73
129 321
129 295
129 475
129 492
129 374
347 417
347 460
347 271
347 394
347 486
347 439
347 320
347 198
347 437
162 66
162 402
162 367
162 487
162 448
162 435
162 337
162 40
162 466
162 398
66 401
66 406
66 344
66 489
66 486
66 226
66 321
66 411
66 440
66 484
66 488
66 490
66 398
66 235
310 255
310 396
310 487
310 62
310 489
310 394
310 188
310 463
310 184
310 295
310 492
310 480
329 415
329 417
329 367
329 49
329 271
329 375
329 350
329 463
329 295
329 7
329 235
329 19
415 412
415 31
415 47
415 479
415 337
415 466
415 480
415 410
299 363
299 49
299 486
299 448
299 277
299 40
299 484
299 398
255 157
255 344
255 10
255 394
255 41
255 128
255 477
255 295
255 374
255 410
393 396
393 363
393 188
393 249
393 128
393 145
393 295
393 488
393 374
393 451
205 345
205 460
205 188
205 184
417 499
417 402
417 394
417 421
417 277
417 463
417 353
417 160
417 437
417 193
396 167
396 457
396 486
396 447
396 435
396 353
396 468
396 477
396 160
396 466
396 488
396 235
499 188
499 249
499 212
499 409
499 295
499 481
345 367
345 406
345 487
345 391
345 10
345 47
345 428
345 452
345 14
345 212
345 467
345 477
345 411
345 229
345 481
345 459
345 374
181 401
181 367
181 406
181 157
181 31
181 241
181 212
181 41
181 488
181 122
317 167
317 188
317 239
317 421
317 385
317 479
317 435
317 359
317 226
317 277
317 353
317 477
317 198
317 122
401 402
401 412
401 194
401 447
401 61
401 277
401 321
401 160
401 459
401 374
402 460
402 157
402 62
402 452
402 38
402 128
402 411
402 478
402 459
402 437
402 122
402 451
402 410
460 47
460 188
460 341
460 486
460 474
460 128
460 463
460 321
460 475
460 7
460 122
460 451
367 344
367 412
367 62
367 10
367 271
367 14
367 447
367 470
367 467
367 411
367 459
367 7
367 488
367 490
485 157
485 487
485 194
485 188
485 385
485 435
485 128
485 477
485 481
485 484
485 437
406 303
406 363
406 10
406 486
406 385
406 375
406 447
406 409
406 440
406 374
406 235
406 193
157 49
157 445
157 421
157 355
157 490
487 303
487 489
487 146
487 385
487 447
487 41
487 128
487 277
487 145
487 411
391 412
391 167
391 188
391 445
391 452
391 249
391 421
391 320
391 435
391 473
391 481
391 484
303 344
303 363
303 47
303 394
303 385
303 375
303 128
303 359
303 478
303 488
303 235
344 31
344 140
344 428
344 73
344 467
344 490
344 492
412 457
412 452
412 479
412 409
412 73
412 198
194 239
194 411
194 488
194 490
194 374
194 451
363 489
363 167
363 486
363 38
363 448
363 226
363 463
363 321
363 477
363 492
363 480
363 193
49 167
49 47
49 375
49 355
49 235
49 19
62 10
62 31
62 428
62 239
62 170
62 447
62 479
62 33
62 229
62 488
62 374
62 235
62 193
62 451
489 146
489 170
489 41
489 398
146 428
146 448
146 468
146 477
146 466
167 140
167 315
167 448
167 479
167 359
167 353
167 321
167 145
167 475
167 484
167 488
167 492
167 374
167 410
28 457
28 315
28 212
28 61
28 350
28 355
28 492
10 341
10 452
10 320
10 470
10 467
10 355
10 478
10 492
10 374
31 421
31 315
31 14
31 184
31 321
31 337
31 122
31 451
271 140
271 341
271 448
271 73
271 440
271 488
271 437
271 374
47 337
47 398
47 19
47 410
140 428
140 188
140 341
140 375
140 448
140 492
140 398
140 122
140 451
140 410
241 212
241 353
241 160
241 481
457 170
457 341
457 445
457 421
457 385
457 14
457 61
457 295
457 411
457 492
457 193
428 394
428 486
428 38
428 470
428 463
428 468
394 170
394 341
394 249
394 33
394 226
394 484
188 447
188 184
188 411
188 229
188 481
239 463
239 478
170 439
170 41
170 435
170 321
170 411
170 40
170 459
341 486
341 375
341 33
341 7
445 439
445 128
445 73
445 359
445 145
445 475
445 484
452 350
452 277
452 490
452 374
452 235
249 315
249 375
249 350
249 337
249 160
249 459
486 350
486 295
486 160
486 478
486 451
38 375
38 448
38 475
38 481
38 40
38 490
439 421
439 448
439 41
439 409
439 277
439 467
421 447
421 353
421 229
315 33
315 226
315 40
385 61
320 448
320 409
320 128
320 467
320 337
320 198
320 160
320 484
320 398
320 410
14 409
14 73
14 480
375 463
375 473
375 7
375 490
212 467
212 459
212 490
212 410
447 435
447 409
447 321
447 440
447 484
447 122
447 451
448 61
448 474
448 409
448 73
448 184
448 235
448 193
479 61
479 73
479 184
479 374
61 33
61 321
61 468
61 160
41 470
41 477
41 145
474 435
474 295
474 398
474 193
435 468
435 337
435 459
435 480
409 73
409 321
409 467
409 40
409 440
409 410
128 184
128 475
128 440
128 488
33 359
33 277
33 475
33 337
33 229
33 492
33 235
470 321
470 355
470 145
470 411
470 484
470 19
73 355
73 40
73 398
73 193
359 321
226 184
226 353
226 484
350 353
350 198
350 440
350 488
350 398
277 184
277 321
277 198
277 481
277 19
463 468
463 477
463 466
463 490
463 492
463 122
184 478
184 481
184 40
184 459
184 235
184 19
353 321
353 355
353 145
353 40
353 437
321 481
321 40
321 492
321 410
467 477
467 492
468 355
468 160
468 484
468 7
468 193
477 295
477 411
477 229
477 466
477 480
477 122
355 478
355 7
145 198
145 459
145 488
145 235
295 235
295 451
337 198
337 437
337 398
337 374
229 40
198 160
198 7
198 235
198 410
160 7
160 488
160 437
478 451
481 492
481 451
40 484
40 193
440 451
484 459
484 235
459 7
459 466
459 398
466 488
466 492
466 480
466 122
488 480
437 398
437 410
492 122
398 235
398 193
480 19
193 122
