100 4421
24 2
24 3
24 59
24 54
24 21
24 69
24 37
24 7
24 93
24 89
24 65
24 70
24 74
24 55
24 18
24 50
24 20
24 53
24 8
24 79
24 27
24 68
24 28
24 48
24 43
24 67
24 99
24 88
24 25
24 41
24 44
24 75
24 26
24 91
24 13
24 30
24 66
24 45
24 6
24 9
24 49
24 87
24 32
24 33
24 22
24 29
24 81
24 61
24 80
24 92
24 34
24 12
24 96
24 63
24 64
24 82
24 51
24 73
24 100
24 1
24 39
24 36
24 60
24 98
24 57
24 14
24 77
24 47
24 4
24 90
24 94
24 15
24 83
24 19
24 86
24 85
24 97
24 11
24 95
24 76
24 16
24 46
24 84
24 52
24 40
24 56
24 23
24 78
2 3
2 54
2 21
2 69
2 31
2 37
2 7
2 93
2 89
2 65
2 70
2 74
2 55
2 18
2 50
2 20
2 53
2 8
2 38
2 79
2 17
2 27
2 68
2 28
2 48
2 43
2 67
2 99
2 88
2 25
2 41
2 71
2 44
2 75
2 42
2 26
2 91
2 13
2 30
2 66
2 10
2 45
2 6
2 9
2 49
2 87
2 35
2 22
2 29
2 81
2 61
2 80
2 92
2 34
2 12
2 96
2 63
2 64
2 51
2 73
2 1
2 39
2 36
2 60
2 98
2 57
2 14
2 72
2 77
2 4
2 90
2 94
2 15
2 19
2 86
2 85
2 5
2 97
2 11
2 95
2 16
2 46
2 84
2 52
2 40
2 23
2 78
3 59
3 21
3 69
3 31
3 7
3 93
3 65
3 70
3 74
3 55
3 62
3 18
3 50
3 20
3 53
3 8
3 79
3 17
3 27
3 68
3 28
3 48
3 43
3 67
3 99
3 88
3 25
3 41
3 71
3 42
3 91
3 13
3 30
3 66
3 10
3 45
3 6
3 9
3 49
3 87
3 35
3 33
3 22
3 29
3 81
3 61
3 80
3 92
3 34
3 12
3 96
3 63
3 64
3 82
3 73
3 100
3 1
3 39
3 36
3 98
3 57
3 14
3 72
3 77
3 47
3 4
3 90
3 94
3 15
3 83
3 86
3 85
3 5
3 97
3 11
3 95
3 76
3 58
3 16
3 46
3 84
3 52
3 40
3 23
3 78
59 54
59 21
59 69
59 31
59 37
59 7
59 93
59 89
59 70
59 74
59 55
59 62
59 18
59 50
59 20
59 53
59 8
59 38
59 79
59 17
59 27
59 68
59 28
59 48
59 43
59 67
59 99
59 88
59 25
59 41
59 44
59 75
59 42
59 91
59 13
59 30
59 66
59 10
59 45
59 6
59 9
59 49
59 87
59 32
59 35
59 33
59 22
59 29
59 61
59 80
59 92
59 34
59 12
59 63
59 82
59 51
59 73
59 100
59 36
59 60
59 98
59 57
59 14
59 72
59 77
59 47
59 4
59 90
59 94
59 15
59 83
59 19
59 86
59 85
59 5
59 11
59 95
59 76
59 58
59 16
59 46
59 84
59 40
59 56
59 23
59 78
54 21
54 69
54 31
54 37
54 7
54 93
54 89
54 65
54 70
54 74
54 62
54 18
54 50
54 53
54 38
54 79
54 17
54 27
54 68
54 28
54 48
54 43
54 67
54 99
54 88
54 25
54 41
54 71
54 44
54 75
54 42
54 26
54 91
54 30
54 66
54 10
54 45
54 9
54 49
54 87
54 32
54 35
54 33
54 22
54 61
54 80
54 92
54 34
54 12
54 96
54 63
54 64
54 82
54 51
54 73
54 100
54 1
54 39
54 36
54 60
54 98
54 57
54 14
54 72
54 77
54 47
54 4
54 90
54 94
54 15
54 83
54 19
54 86
54 85
54 5
54 97
54 11
54 95
54 76
54 58
54 16
54 46
54 84
54 52
54 56
54 23
54 78
21 69
21 31
21 37
21 7
21 93
21 89
21 65
21 74
21 55
21 62
21 18
21 50
21 20
21 53
21 8
21 38
21 27
21 68
21 28
21 48
21 43
21 67
21 99
21 25
21 41
21 71
21 44
21 42
21 26
21 91
21 13
21 30
21 66
21 10
21 45
21 6
21 9
21 49
21 87
21 32
21 33
21 22
21 29
21 81
21 61
21 80
21 92
21 34
21 96
21 63
21 64
21 82
21 51
21 73
21 100
21 1
21 39
21 36
21 98
21 57
21 14
21 72
21 77
21 47
21 4
21 90
21 94
21 15
21 83
21 19
21 85
21 5
21 97
21 11
21 95
21 58
21 16
21 46
21 84
21 40
21 56
21 23
69 31
69 37
69 7
69 93
69 89
69 65
69 70
69 74
69 55
69 62
69 18
69 50
69 20
69 53
69 8
69 38
69 79
69 17
69 27
69 68
69 28
69 48
69 43
69 67
69 99
69 88
69 25
69 41
69 71
69 44
69 75
69 42
69 91
69 13
69 30
69 66
69 45
69 6
69 9
69 49
69 87
69 32
69 35
69 33
69 22
69 29
69 81
69 61
69 92
69 34
69 12
69 96
69 63
69 64
69 82
69 51
69 73
69 100
69 1
69 39
69 60
69 98
69 57
69 14
69 72
69 47
69 90
69 94
69 15
69 83
69 19
69 86
69 85
69 5
69 97
69 11
69 95
69 76
69 58
69 16
69 84
69 52
69 40
69 56
69 23
69 78
31 37
31 7
31 93
31 89
31 65
31 70
31 74
31 62
31 18
31 50
31 20
31 53
31 8
31 38
31 79
31 17
31 27
31 68
31 48
31 43
31 99
31 88
31 25
31 41
31 44
31 75
31 42
31 26
31 91
31 13
31 30
31 66
31 10
31 45
31 6
31 9
31 49
31 87
31 32
31 35
31 33
31 22
31 81
31 61
31 80
31 92
31 34
31 12
31 96
31 63
31 64
31 82
31 51
31 73
31 100
31 1
31 39
31 36
31 98
31 14
31 72
31 77
31 47
31 90
31 94
31 15
31 83
31 19
31 86
31 85
31 5
31 97
31 11
31 95
31 76
31 58
31 16
31 46
31 84
31 52
31 40
31 56
31 23
31 78
37 7
37 89
37 65
37 70
37 74
37 55
37 62
37 18
37 50
37 20
37 53
37 8
37 38
37 79
37 27
37 68
37 28
37 48
37 43
37 67
37 99
37 88
37 25
37 41
37 71
37 44
37 75
37 42
37 26
37 91
37 13
37 30
37 10
37 45
37 6
37 9
37 49
37 32
37 35
37 33
37 22
37 29
37 81
37 61
37 80
37 92
37 34
37 12
37 96
37 63
37 64
37 82
37 51
37 73
37 100
37 39
37 36
37 60
37 98
37 57
37 14
37 72
37 77
37 47
37 4
37 90
37 94
37 15
37 83
37 19
37 86
37 85
37 5
37 97
37 11
37 95
37 76
37 58
37 84
37 52
37 40
37 56
37 23
37 78
7 93
7 89
7 65
7 70
7 62
7 18
7 50
7 20
7 53
7 38
7 27
7 68
7 28
7 48
7 43
7 67
7 99
7 88
7 25
7 41
7 71
7 44
7 26
7 91
7 13
7 30
7 66
7 10
7 45
7 6
7 87
7 32
7 35
7 33
7 22
7 29
7 81
7 61
7 80
7 92
7 34
7 12
7 96
7 63
7 64
7 51
7 73
7 1
7 39
7 36
7 60
7 98
7 57
7 47
7 4
7 94
7 15
7 83
7 19
7 86
7 85
7 5
7 97
7 11
7 95
7 76
7 58
7 16
7 46
7 84
7 52
7 40
7 56
7 23
7 78
93 89
93 65
93 70
93 74
93 55
93 62
93 18
93 50
93 20
93 53
93 8
93 38
93 79
93 17
93 27
93 28
93 48
93 43
93 67
93 99
93 88
93 25
93 41
93 71
93 44
93 75
93 26
93 91
93 13
93 30
93 66
93 10
93 45
93 6
93 9
93 49
93 87
93 32
93 35
93 22
93 29
93 81
93 61
93 80
93 34
93 12
93 96
93 63
93 64
93 82
93 51
93 73
93 100
93 1
93 36
93 60
93 98
93 57
93 14
93 72
93 77
93 47
93 4
93 94
93 15
93 83
93 19
93 86
93 85
93 5
93 97
93 95
93 76
93 58
93 84
93 52
93 40
93 56
93 23
89 65
89 70
89 74
89 55
89 62
89 50
89 20
89 53
89 79
89 17
89 27
89 48
89 43
89 67
89 99
89 88
89 25
89 41
89 71
89 44
89 75
89 42
89 91
89 13
89 30
89 66
89 10
89 45
89 9
89 49
89 87
89 32
89 35
89 33
89 22
89 29
89 81
89 61
89 80
89 92
89 34
89 12
89 96
89 64
89 82
89 51
89 73
89 100
89 1
89 39
89 36
89 60
89 98
89 14
89 72
89 77
89 4
89 90
89 94
89 15
89 83
89 19
89 86
89 85
89 5
89 97
89 11
89 95
89 76
89 58
89 16
89 46
89 84
89 52
89 23
89 78
65 70
65 74
65 55
65 62
65 18
65 50
65 53
65 8
65 38
65 17
65 27
65 68
65 28
65 48
65 43
65 67
65 99
65 25
65 41
65 71
65 44
65 75
65 42
65 26
65 91
65 30
65 66
65 10
65 45
65 6
65 9
65 87
65 32
65 35
65 33
65 29
65 81
65 80
65 92
65 34
65 96
65 63
65 64
65 51
65 73
65 100
65 1
65 39
65 36
65 98
65 57
65 14
65 72
65 77
65 47
65 4
65 90
65 94
65 83
65 19
65 86
65 85
65 5
65 97
65 11
65 95
65 58
65 16
65 46
65 84
65 52
65 40
65 56
65 78
70 74
70 55
70 62
70 18
70 50
70 20
70 53
70 8
70 38
70 79
70 17
70 27
70 68
70 28
70 43
70 88
70 25
70 41
70 71
70 42
70 26
70 91
70 13
70 30
70 66
70 10
70 45
70 6
70 9
70 49
70 87
70 32
70 35
70 33
70 22
70 29
70 81
70 61
70 80
70 92
70 34
70 12
70 96
70 63
70 82
70 51
70 73
70 100
70 1
70 39
70 60
70 98
70 57
70 14
70 72
70 77
70 47
70 4
70 90
70 94
70 15
70 83
70 19
70 86
70 85
70 5
70 97
70 11
70 95
70 76
70 58
70 16
70 46
70 84
70 52
70 40
70 56
70 23
70 78
74 55
74 62
74 18
74 50
74 20
74 53
74 8
74 38
74 79
74 17
74 27
74 68
74 28
74 48
74 43
74 67
74 99
74 88
74 25
74 41
74 71
74 44
74 75
74 42
74 26
74 91
74 13
74 30
74 66
74 10
74 45
74 9
74 49
74 87
74 32
74 35
74 33
74 22
74 29
74 81
74 61
74 80
74 92
74 34
74 12
74 96
74 63
74 64
74 82
74 51
74 73
74 100
74 1
74 39
74 36
74 60
74 98
74 57
74 14
74 72
74 47
74 4
74 90
74 94
74 15
74 83
74 19
74 86
74 5
74 11
74 95
74 76
74 58
74 16
74 46
74 52
74 40
74 56
74 23
74 78
55 62
55 18
55 50
55 20
55 53
55 8
55 38
55 79
55 17
55 27
55 68
55 28
55 48
55 43
55 67
55 99
55 88
55 25
55 41
55 44
55 75
55 42
55 26
55 91
55 13
55 30
55 66
55 10
55 45
55 6
55 9
55 87
55 32
55 35
55 33
55 22
55 29
55 81
55 61
55 92
55 34
55 12
55 96
55 63
55 64
55 51
55 73
55 100
55 39
55 36
55 60
55 98
55 57
55 14
55 72
55 77
55 47
55 4
55 90
55 94
55 15
55 19
55 86
55 85
55 5
55 97
55 11
55 95
55 76
55 58
55 16
55 46
55 84
55 52
55 40
55 56
55 23
55 78
62 18
62 50
62 53
62 38
62 79
62 17
62 27
62 68
62 28
62 48
62 43
62 67
62 99
62 88
62 25
62 41
62 75
62 42
62 26
62 91
62 13
62 30
62 66
62 45
62 6
62 9
62 49
62 87
62 32
62 35
62 33
62 22
62 29
62 61
62 80
62 92
62 34
62 12
62 96
62 64
62 51
62 100
62 1
62 39
62 36
62 60
62 98
62 57
62 14
62 72
62 77
62 47
62 4
62 90
62 94
62 15
62 83
62 86
62 5
62 97
62 11
62 95
62 76
62 58
62 16
62 46
62 84
62 52
62 40
62 56
62 23
62 78
18 50
18 20
18 8
18 38
18 79
18 17
18 27
18 28
18 48
18 43
18 67
18 99
18 88
18 25
18 41
18 71
18 75
18 42
18 91
18 13
18 30
18 66
18 10
18 45
18 6
18 9
18 49
18 87
18 32
18 35
18 33
18 22
18 29
18 81
18 61
18 80
18 92
18 34
18 12
18 96
18 63
18 64
18 82
18 51
18 73
18 100
18 1
18 39
18 60
18 98
18 14
18 72
18 77
18 47
18 90
18 15
18 19
18 86
18 85
18 97
18 11
18 95
18 76
18 58
18 16
18 46
18 84
18 52
18 40
18 23
18 78
50 20
50 53
50 8
50 38
50 79
50 27
50 28
50 48
50 43
50 67
50 99
50 25
50 41
50 71
50 44
50 75
50 42
50 26
50 91
50 13
50 30
50 66
50 10
50 6
50 9
50 49
50 87
50 32
50 35
50 22
50 29
50 80
50 92
50 34
50 12
50 96
50 64
50 82
50 73
50 100
50 1
50 39
50 36
50 60
50 98
50 57
50 14
50 72
50 77
50 47
50 4
50 94
50 15
50 83
50 19
50 86
50 85
50 5
50 97
50 11
50 95
50 76
50 58
50 16
50 46
50 84
50 52
50 40
50 56
50 23
50 78
20 53
20 8
20 38
20 79
20 17
20 27
20 68
20 28
20 48
20 43
20 67
20 99
20 88
20 25
20 41
20 44
20 75
20 42
20 26
20 91
20 13
20 30
20 66
20 10
20 45
20 6
20 9
20 49
20 87
20 32
20 33
20 22
20 29
20 81
20 80
20 92
20 34
20 12
20 63
20 64
20 82
20 51
20 73
20 100
20 1
20 39
20 36
20 60
20 98
20 14
20 72
20 77
20 47
20 4
20 90
20 94
20 15
20 83
20 19
20 86
20 85
20 5
20 97
20 11
20 76
20 58
20 46
20 84
20 52
20 40
20 56
20 23
20 78
53 8
53 38
53 79
53 17
53 68
53 28
53 48
53 43
53 67
53 88
53 25
53 41
53 44
53 75
53 42
53 26
53 91
53 13
53 30
53 66
53 10
53 45
53 6
53 49
53 87
53 32
53 35
53 22
53 81
53 61
53 80
53 92
53 34
53 12
53 96
53 63
53 64
53 82
53 73
53 100
53 1
53 39
53 36
53 98
53 57
53 14
53 72
53 77
53 47
53 4
53 90
53 94
53 83
53 19
53 86
53 85
53 5
53 97
53 11
53 95
53 76
53 58
53 16
53 46
53 52
53 40
53 56
53 23
53 78
8 38
8 17
8 27
8 68
8 28
8 48
8 67
8 99
8 88
8 25
8 41
8 71
8 44
8 75
8 42
8 26
8 91
8 13
8 30
8 66
8 10
8 45
8 6
8 9
8 49
8 87
8 35
8 22
8 29
8 81
8 80
8 34
8 12
8 96
8 63
8 64
8 82
8 51
8 73
8 100
8 1
8 39
8 36
8 60
8 98
8 57
8 14
8 47
8 4
8 90
8 94
8 15
8 83
8 19
8 86
8 97
8 11
8 58
8 46
8 84
8 52
8 40
8 56
8 23
8 78
38 79
38 17
38 27
38 68
38 28
38 48
38 43
38 67
38 99
38 88
38 25
38 41
38 71
38 44
38 75
38 42
38 26
38 91
38 13
38 30
38 66
38 10
38 45
38 6
38 9
38 49
38 87
38 32
38 35
38 33
38 29
38 81
38 61
38 80
38 92
38 34
38 12
38 96
38 63
38 64
38 82
38 51
38 73
38 100
38 1
38 39
38 36
38 60
38 98
38 14
38 72
38 77
38 4
38 90
38 94
38 15
38 83
38 19
38 86
38 85
38 5
38 97
38 95
38 76
38 58
38 16
38 52
38 40
38 56
38 23
38 78
79 17
79 27
79 68
79 28
79 48
79 43
79 67
79 99
79 88
79 25
79 41
79 71
79 44
79 75
79 42
79 91
79 13
79 66
79 10
79 45
79 6
79 9
79 49
79 87
79 32
79 35
79 33
79 22
79 29
79 81
79 61
79 80
79 92
79 34
79 96
79 63
79 64
79 51
79 73
79 100
79 1
79 36
79 60
79 98
79 14
79 72
79 77
79 47
79 4
79 90
79 94
79 15
79 83
79 19
79 86
79 85
79 5
79 97
79 11
79 95
79 76
79 58
79 16
79 46
79 84
79 52
79 40
79 56
79 23
79 78
17 27
17 68
17 28
17 48
17 43
17 67
17 99
17 88
17 41
17 71
17 44
17 75
17 42
17 26
17 91
17 13
17 30
17 10
17 45
17 6
17 9
17 49
17 87
17 32
17 35
17 33
17 22
17 29
17 80
17 92
17 34
17 96
17 64
17 82
17 51
17 73
17 100
17 1
17 39
17 36
17 60
17 98
17 57
17 14
17 72
17 77
17 47
17 4
17 90
17 94
17 15
17 19
17 86
17 85
17 5
17 97
17 11
17 95
17 76
17 58
17 16
17 46
17 40
17 56
17 23
17 78
27 68
27 28
27 48
27 43
27 67
27 88
27 25
27 41
27 71
27 44
27 26
27 91
27 13
27 66
27 10
27 45
27 6
27 9
27 49
27 87
27 35
27 33
27 22
27 29
27 81
27 61
27 80
27 92
27 12
27 96
27 63
27 64
27 82
27 51
27 73
27 100
27 1
27 39
27 36
27 60
27 98
27 57
27 14
27 72
27 77
27 47
27 4
27 94
27 15
27 19
27 86
27 85
27 5
27 97
27 11
27 95
27 76
27 58
27 16
27 46
27 52
27 56
27 23
27 78
68 28
68 48
68 43
68 67
68 99
68 88
68 25
68 41
68 71
68 44
68 75
68 42
68 26
68 91
68 13
68 66
68 10
68 45
68 6
68 9
68 49
68 87
68 32
68 35
68 33
68 22
68 29
68 81
68 61
68 80
68 92
68 34
68 12
68 96
68 64
68 82
68 51
68 73
68 100
68 1
68 39
68 36
68 98
68 57
68 14
68 72
68 77
68 47
68 4
68 90
68 94
68 15
68 19
68 86
68 85
68 5
68 97
68 11
68 95
68 76
68 58
68 16
68 46
68 84
68 52
68 40
68 56
68 23
68 78
28 48
28 43
28 67
28 99
28 88
28 25
28 41
28 71
28 44
28 75
28 42
28 26
28 91
28 13
28 30
28 66
28 10
28 45
28 6
28 9
28 49
28 87
28 32
28 35
28 33
28 22
28 29
28 61
28 80
28 92
28 12
28 96
28 63
28 64
28 82
28 51
28 73
28 1
28 36
28 60
28 98
28 57
28 14
28 72
28 77
28 47
28 4
28 90
28 94
28 15
28 83
28 19
28 86
28 85
28 5
28 97
28 95
28 76
28 58
28 46
28 84
28 52
28 56
28 23
28 78
48 43
48 67
48 99
48 88
48 25
48 41
48 71
48 44
48 75
48 42
48 91
48 13
48 30
48 66
48 10
48 45
48 6
48 9
48 49
48 87
48 32
48 35
48 33
48 22
48 29
48 81
48 61
48 80
48 92
48 34
48 12
48 96
48 64
48 82
48 51
48 73
48 100
48 39
48 36
48 60
48 57
48 14
48 72
48 77
48 47
48 4
48 90
48 94
48 83
48 19
48 86
48 85
48 5
48 97
48 11
48 95
48 76
48 58
48 46
48 84
48 52
48 40
48 56
48 78
43 67
43 99
43 88
43 25
43 41
43 71
43 44
43 75
43 42
43 26
43 91
43 13
43 30
43 66
43 10
43 9
43 49
43 87
43 32
43 35
43 33
43 22
43 29
43 81
43 61
43 80
43 92
43 34
43 12
43 96
43 63
43 64
43 82
43 51
43 73
43 100
43 1
43 39
43 36
43 60
43 98
43 14
43 72
43 47
43 4
43 90
43 94
43 83
43 19
43 86
43 85
43 5
43 97
43 11
43 95
43 76
43 58
43 16
43 46
43 84
43 52
43 40
43 23
43 78
67 88
67 25
67 41
67 71
67 44
67 75
67 26
67 91
67 13
67 30
67 66
67 10
67 45
67 6
67 9
67 49
67 87
67 32
67 35
67 33
67 22
67 29
67 81
67 80
67 92
67 96
67 64
67 82
67 51
67 73
67 100
67 39
67 36
67 60
67 98
67 57
67 14
67 72
67 77
67 47
67 4
67 90
67 94
67 15
67 83
67 19
67 86
67 85
67 5
67 97
67 11
67 95
67 76
67 58
67 16
67 46
67 84
67 52
67 40
67 56
67 23
67 78
99 88
99 25
99 41
99 71
99 44
99 75
99 42
99 26
99 91
99 13
99 30
99 66
99 10
99 45
99 6
99 9
99 49
99 87
99 32
99 35
99 33
99 22
99 29
99 81
99 61
99 80
99 92
99 34
99 12
99 63
99 64
99 82
99 51
99 100
99 1
99 39
99 36
99 60
99 98
99 57
99 14
99 72
99 77
99 47
99 4
99 90
99 94
99 15
99 83
99 19
99 86
99 85
99 5
99 97
99 11
99 95
99 76
99 58
99 46
99 84
99 52
99 40
99 56
99 23
88 25
88 71
88 44
88 75
88 42
88 26
88 91
88 13
88 30
88 66
88 10
88 45
88 6
88 9
88 87
88 32
88 35
88 33
88 22
88 29
88 61
88 80
88 92
88 34
88 12
88 96
88 63
88 64
88 82
88 51
88 73
88 100
88 1
88 36
88 60
88 98
88 57
88 14
88 72
88 77
88 47
88 4
88 90
88 94
88 15
88 83
88 19
88 86
88 85
88 5
88 97
88 11
88 95
88 76
88 58
88 16
88 84
88 52
88 40
88 56
88 23
25 41
25 71
25 75
25 42
25 26
25 91
25 13
25 30
25 66
25 10
25 45
25 6
25 9
25 49
25 87
25 32
25 35
25 33
25 22
25 81
25 61
25 80
25 92
25 34
25 12
25 63
25 64
25 82
25 51
25 73
25 100
25 1
25 39
25 36
25 60
25 98
25 57
25 72
25 77
25 47
25 4
25 90
25 94
25 15
25 83
25 19
25 86
25 85
25 5
25 95
25 76
25 58
25 16
25 46
25 84
25 52
25 40
25 56
25 23
25 78
41 71
41 44
41 75
41 42
41 26
41 91
41 13
41 30
41 66
41 10
41 45
41 6
41 9
41 49
41 87
41 32
41 35
41 33
41 22
41 29
41 81
41 61
41 80
41 92
41 34
41 12
41 96
41 63
41 82
41 51
41 73
41 100
41 1
41 39
41 60
41 98
41 57
41 14
41 72
41 77
41 47
41 4
41 90
41 94
41 15
41 83
41 19
41 86
41 85
41 5
41 97
41 11
41 95
41 76
41 58
41 16
41 84
41 40
41 23
41 78
71 44
71 75
71 26
71 91
71 13
71 66
71 10
71 45
71 6
71 49
71 87
71 35
71 33
71 22
71 29
71 81
71 80
71 92
71 34
71 12
71 96
71 63
71 64
71 82
71 51
71 73
71 100
71 1
71 39
71 36
71 60
71 98
71 14
71 72
71 77
71 47
71 4
71 90
71 94
71 15
71 83
71 19
71 86
71 85
71 5
71 97
71 95
71 76
71 58
71 16
71 46
71 84
71 52
71 40
71 23
71 78
44 75
44 42
44 26
44 13
44 30
44 66
44 10
44 45
44 6
44 9
44 87
44 32
44 35
44 33
44 22
44 29
44 81
44 61
44 80
44 92
44 34
44 12
44 96
44 63
44 64
44 82
44 51
44 73
44 100
44 1
44 39
44 60
44 57
44 14
44 72
44 77
44 47
44 94
44 15
44 83
44 19
44 86
44 85
44 5
44 97
44 11
44 95
44 76
44 16
44 46
44 84
44 52
44 40
44 56
44 23
44 78
75 42
75 26
75 91
75 13
75 30
75 66
75 10
75 45
75 6
75 9
75 49
75 87
75 32
75 35
75 33
75 22
75 29
75 81
75 61
75 80
75 92
75 34
75 12
75 96
75 63
75 64
75 82
75 51
75 73
75 100
75 1
75 39
75 36
75 60
75 98
75 57
75 72
75 77
75 47
75 4
75 90
75 94
75 15
75 83
75 19
75 86
75 85
75 5
75 97
75 11
75 95
75 76
75 58
75 46
75 84
75 52
75 56
75 23
75 78
42 26
42 91
42 13
42 30
42 66
42 10
42 45
42 6
42 9
42 49
42 35
42 22
42 29
42 81
42 61
42 80
42 92
42 12
42 96
42 64
42 82
42 51
42 73
42 100
42 1
42 39
42 36
42 60
42 98
42 57
42 14
42 72
42 47
42 4
42 90
42 15
42 83
42 86
42 85
42 5
42 97
42 11
42 95
42 76
42 58
42 16
42 46
42 52
42 40
42 56
42 23
42 78
26 91
26 13
26 30
26 66
26 10
26 45
26 6
26 49
26 87
26 32
26 35
26 33
26 22
26 29
26 81
26 61
26 80
26 92
26 12
26 96
26 63
26 64
26 82
26 51
26 73
26 100
26 39
26 36
26 60
26 98
26 57
26 14
26 72
26 77
26 47
26 4
26 15
26 83
26 86
26 85
26 5
26 95
26 58
26 16
26 46
26 84
26 40
26 56
26 23
26 78
91 13
91 30
91 66
91 10
91 45
91 6
91 9
91 49
91 87
91 32
91 35
91 33
91 22
91 29
91 81
91 61
91 80
91 34
91 12
91 96
91 63
91 64
91 82
91 51
91 73
91 100
91 39
91 60
91 98
91 57
91 14
91 72
91 77
91 47
91 4
91 90
91 94
91 15
91 83
91 86
91 85
91 5
91 97
91 11
91 95
91 76
91 58
91 16
91 46
91 84
91 52
91 40
91 56
91 23
91 78
13 30
13 66
13 10
13 45
13 6
13 9
13 49
13 87
13 32
13 35
13 33
13 22
13 29
13 81
13 61
13 80
13 92
13 34
13 12
13 96
13 63
13 64
13 82
13 51
13 73
13 100
13 1
13 39
13 60
13 98
13 57
13 14
13 72
13 77
13 47
13 4
13 90
13 94
13 15
13 83
13 19
13 86
13 5
13 97
13 11
13 95
13 76
13 58
13 16
13 46
13 84
13 52
13 40
13 56
13 23
13 78
30 66
30 10
30 45
30 9
30 49
30 87
30 35
30 33
30 22
30 29
30 81
30 61
30 80
30 92
30 34
30 96
30 64
30 82
30 51
30 73
30 100
30 1
30 39
30 36
30 60
30 98
30 57
30 14
30 72
30 77
30 47
30 4
30 90
30 15
30 83
30 19
30 86
30 85
30 5
30 97
30 11
30 95
30 76
30 58
30 16
30 46
30 84
30 52
30 40
30 56
30 78
66 10
66 45
66 9
66 49
66 87
66 32
66 35
66 33
66 22
66 29
66 81
66 61
66 80
66 34
66 12
66 96
66 63
66 64
66 73
66 100
66 1
66 39
66 36
66 60
66 98
66 57
66 72
66 77
66 47
66 4
66 90
66 94
66 15
66 83
66 19
66 86
66 85
66 5
66 97
66 11
66 95
66 76
66 58
66 16
66 84
66 52
66 40
66 56
66 23
66 78
10 45
10 6
10 9
10 49
10 35
10 33
10 22
10 29
10 81
10 61
10 80
10 92
10 34
10 12
10 96
10 63
10 64
10 82
10 51
10 73
10 100
10 1
10 39
10 36
10 57
10 14
10 72
10 77
10 47
10 4
10 90
10 94
10 15
10 83
10 19
10 86
10 85
10 5
10 97
10 11
10 95
10 76
10 58
10 16
10 46
10 84
10 52
10 40
10 56
10 23
10 78
45 9
45 49
45 87
45 32
45 35
45 33
45 22
45 29
45 81
45 61
45 92
45 34
45 12
45 96
45 64
45 82
45 51
45 100
45 1
45 39
45 36
45 60
45 98
45 57
45 14
45 72
45 77
45 4
45 90
45 94
45 83
45 19
45 86
45 85
45 11
45 95
45 76
45 58
45 46
45 84
45 52
45 40
45 56
45 23
45 78
6 9
6 49
6 87
6 32
6 35
6 33
6 22
6 29
6 81
6 61
6 80
6 92
6 34
6 12
6 96
6 63
6 64
6 82
6 51
6 100
6 39
6 36
6 60
6 98
6 57
6 14
6 77
6 47
6 4
6 90
6 15
6 83
6 19
6 86
6 85
6 5
6 97
6 95
6 76
6 58
6 16
6 84
6 52
6 40
6 56
6 23
6 78
9 87
9 32
9 35
9 33
9 22
9 29
9 81
9 61
9 80
9 92
9 34
9 12
9 96
9 63
9 64
9 82
9 73
9 100
9 1
9 39
9 36
9 60
9 98
9 57
9 14
9 72
9 77
9 47
9 4
9 90
9 15
9 83
9 19
9 86
9 85
9 5
9 97
9 11
9 95
9 46
9 84
9 52
9 40
9 23
9 78
49 87
49 32
49 35
49 33
49 22
49 29
49 81
49 80
49 92
49 34
49 12
49 96
49 63
49 64
49 51
49 73
49 100
49 1
49 39
49 36
49 60
49 98
49 57
49 77
49 47
49 4
49 90
49 94
49 15
49 83
49 19
49 86
49 85
49 5
49 97
49 95
49 76
49 58
49 16
49 46
49 52
49 40
49 56
49 23
49 78
87 32
87 33
87 22
87 29
87 61
87 80
87 92
87 12
87 96
87 63
87 64
87 82
87 51
87 73
87 100
87 1
87 39
87 36
87 98
87 57
87 14
87 72
87 77
87 47
87 4
87 90
87 94
87 15
87 83
87 19
87 86
87 85
87 5
87 97
87 11
87 95
87 76
87 58
87 16
87 46
87 84
87 52
87 56
87 23
87 78
32 35
32 33
32 22
32 29
32 81
32 61
32 80
32 34
32 12
32 96
32 64
32 82
32 51
32 73
32 100
32 1
32 39
32 36
32 60
32 98
32 57
32 14
32 77
32 47
32 4
32 90
32 94
32 15
32 19
32 86
32 85
32 5
32 97
32 11
32 95
32 76
32 58
32 16
32 46
32 84
32 52
32 40
32 56
32 23
32 78
35 33
35 22
35 29
35 81
35 61
35 92
35 34
35 12
35 96
35 63
35 64
35 82
35 51
35 73
35 100
35 1
35 39
35 36
35 60
35 98
35 57
35 14
35 72
35 77
35 47
35 4
35 90
35 15
35 83
35 19
35 86
35 85
35 5
35 97
35 11
35 95
35 76
35 58
35 16
35 46
35 84
35 52
35 40
35 56
35 23
35 78
33 22
33 81
33 80
33 92
33 34
33 12
33 96
33 63
33 64
33 82
33 51
33 73
33 100
33 1
33 39
33 36
33 60
33 98
33 57
33 14
33 72
33 77
33 4
33 90
33 94
33 15
33 83
33 86
33 85
33 5
33 97
33 95
33 76
33 58
33 46
33 84
33 52
33 40
33 56
33 23
33 78
22 29
22 81
22 61
22 80
22 92
22 12
22 63
22 64
22 82
22 51
22 73
22 100
22 1
22 36
22 60
22 98
22 57
22 72
22 77
22 47
22 90
22 94
22 15
22 83
22 19
22 86
22 85
22 5
22 97
22 11
22 95
22 76
22 58
22 16
22 46
22 84
22 52
22 40
22 56
22 23
22 78
29 81
29 80
29 92
29 34
29 12
29 96
29 64
29 82
29 51
29 39
29 36
29 60
29 98
29 57
29 14
29 72
29 47
29 4
29 90
29 94
29 15
29 83
29 86
29 85
29 5
29 97
29 11
29 76
29 58
29 16
29 46
29 52
29 40
29 23
29 78
81 61
81 80
81 34
81 12
81 96
81 63
81 64
81 82
81 51
81 73
81 100
81 36
81 60
81 98
81 57
81 14
81 72
81 77
81 47
81 4
81 90
81 94
81 15
81 83
81 19
81 86
81 85
81 5
81 97
81 11
81 95
81 76
81 58
81 16
81 46
81 84
81 40
81 56
81 23
81 78
61 80
61 92
61 34
61 12
61 96
61 63
61 64
61 51
61 73
61 100
61 1
61 39
61 36
61 60
61 98
61 57
61 14
61 72
61 77
61 47
61 4
61 90
61 94
61 15
61 83
61 86
61 85
61 5
61 97
61 11
61 76
61 58
61 16
61 84
61 52
61 40
61 56
61 23
61 78
80 34
80 12
80 63
80 64
80 82
80 51
80 73
80 100
80 1
80 39
80 60
80 98
80 57
80 72
80 77
80 47
80 4
80 90
80 94
80 15
80 83
80 19
80 86
80 85
80 5
80 97
80 11
80 95
80 76
80 16
80 46
80 84
80 40
80 56
80 23
80 78
92 34
92 12
92 96
92 63
92 64
92 82
92 73
92 100
92 39
92 36
92 60
92 98
92 57
92 14
92 72
92 77
92 47
92 4
92 90
92 15
92 83
92 19
92 86
92 85
92 5
92 95
92 76
92 58
92 16
92 46
92 84
92 52
92 40
92 56
92 23
92 78
34 12
34 96
34 63
34 64
34 82
34 51
34 73
34 100
34 1
34 39
34 36
34 60
34 98
34 57
34 14
34 72
34 77
34 47
34 4
34 90
34 94
34 15
34 83
34 19
34 86
34 85
34 5
34 97
34 95
34 76
34 58
34 16
34 46
34 84
34 52
34 56
34 78
12 96
12 63
12 64
12 82
12 51
12 100
12 1
12 39
12 36
12 60
12 98
12 57
12 14
12 72
12 77
12 47
12 4
12 94
12 15
12 83
12 19
12 86
12 85
12 5
12 97
12 11
12 95
12 76
12 58
12 16
12 46
12 84
12 52
12 40
12 23
12 78
96 63
96 64
96 82
96 51
96 73
96 100
96 1
96 39
96 36
96 60
96 98
96 57
96 14
96 72
96 77
96 47
96 4
96 90
96 94
96 83
96 19
96 86
96 5
96 97
96 11
96 95
96 76
96 58
96 84
96 52
96 40
96 56
96 23
96 78
63 64
63 51
63 73
63 100
63 1
63 36
63 60
63 57
63 14
63 77
63 47
63 4
63 90
63 94
63 15
63 83
63 19
63 86
63 85
63 5
63 97
63 11
63 95
63 58
63 16
63 46
63 84
63 52
63 40
63 23
64 82
64 51
64 73
64 100
64 1
64 39
64 36
64 60
64 98
64 57
64 14
64 72
64 77
64 47
64 94
64 15
64 83
64 19
64 86
64 85
64 5
64 97
64 95
64 76
64 58
64 16
64 46
64 84
64 52
64 40
64 56
64 23
64 78
82 51
82 73
82 100
82 1
82 39
82 36
82 98
82 57
82 72
82 77
82 47
82 4
82 90
82 94
82 15
82 19
82 86
82 85
82 5
82 97
82 11
82 95
82 76
82 58
82 16
82 46
82 84
82 52
82 40
82 56
82 23
82 78
51 73
51 100
51 1
51 39
51 36
51 60
51 98
51 57
51 14
51 72
51 77
51 47
51 4
51 90
51 94
51 15
51 83
51 19
51 86
51 85
51 5
51 97
51 11
51 95
51 76
51 58
51 16
51 46
51 52
51 40
51 23
51 78
73 100
73 1
73 39
73 36
73 60
73 98
73 57
73 14
73 72
73 77
73 4
73 90
73 94
73 15
73 83
73 19
73 86
73 85
73 5
73 97
73 95
73 76
73 58
73 16
73 46
73 84
73 52
73 56
73 23
73 78
100 1
100 39
100 36
100 60
100 98
100 57
100 14
100 72
100 77
100 47
100 4
100 90
100 94
100 15
100 83
100 19
100 86
100 85
100 5
100 97
100 11
100 95
100 58
100 16
100 46
100 84
100 52
100 40
100 56
100 23
100 78
1 39
1 36
1 60
1 98
1 57
1 14
1 77
1 47
1 4
1 90
1 94
1 15
1 83
1 19
1 85
1 5
1 97
1 11
1 95
1 76
1 58
1 16
1 46
1 84
1 52
1 40
1 56
1 23
1 78
39 36
39 60
39 14
39 47
39 4
39 90
39 94
39 15
39 19
39 86
39 5
39 97
39 11
39 95
39 76
39 58
39 16
39 46
39 84
39 52
39 40
39 56
39 23
39 78
36 60
36 98
36 57
36 14
36 72
36 77
36 47
36 4
36 90
36 94
36 15
36 83
36 86
36 85
36 5
36 97
36 11
36 95
36 76
36 58
36 16
36 46
36 84
36 52
36 40
36 56
36 23
36 78
60 98
60 14
60 72
60 47
60 4
60 90
60 94
60 15
60 83
60 19
60 86
60 85
60 5
60 11
60 95
60 76
60 16
60 84
60 52
60 40
60 56
60 23
60 78
98 57
98 14
98 77
98 47
98 4
98 90
98 94
98 15
98 83
98 19
98 86
98 85
98 5
98 97
98 76
98 58
98 16
98 46
98 52
98 56
98 23
98 78
57 14
57 72
57 77
57 47
57 4
57 90
57 94
57 15
57 19
57 86
57 85
57 5
57 97
57 95
57 76
57 58
57 16
57 46
57 84
57 52
57 40
57 56
57 23
57 78
14 72
14 47
14 90
14 94
14 15
14 83
14 19
14 86
14 5
14 97
14 95
14 76
14 58
14 16
14 46
14 84
14 40
14 56
14 23
14 78
72 77
72 47
72 4
72 90
72 94
72 15
72 83
72 19
72 5
72 97
72 11
72 76
72 58
72 16
72 46
72 84
72 52
72 40
72 56
72 78
77 4
77 90
77 15
77 83
77 19
77 85
77 97
77 11
77 95
77 76
77 58
77 16
77 46
77 84
77 40
77 56
77 23
77 78
47 4
47 90
47 94
47 15
47 83
47 19
47 86
47 85
47 5
47 97
47 11
47 95
47 76
47 58
47 46
47 84
47 40
47 56
47 23
47 78
4 90
4 94
4 83
4 19
4 86
4 85
4 5
4 97
4 11
4 95
4 76
4 16
4 84
4 52
4 40
4 56
4 23
4 78
90 94
90 15
90 83
90 19
90 86
90 85
90 97
90 95
90 76
90 58
90 16
90 46
90 84
90 52
90 40
90 23
90 78
94 15
94 83
94 19
94 86
94 85
94 5
94 97
94 11
94 95
94 76
94 58
94 46
94 84
94 52
94 40
94 56
94 23
94 78
15 83
15 19
15 86
15 85
15 5
15 97
15 11
15 95
15 76
15 58
15 16
15 46
15 84
15 52
15 56
15 23
15 78
83 19
83 86
83 85
83 5
83 97
83 11
83 95
83 76
83 58
83 16
83 46
83 84
83 52
83 40
83 56
83 23
19 86
19 85
19 5
19 97
19 58
19 16
19 46
19 84
19 52
19 40
19 56
19 23
19 78
86 85
86 5
86 97
86 11
86 95
86 16
86 84
86 52
86 40
86 56
86 23
86 78
85 5
85 97
85 11
85 76
85 58
85 16
85 46
85 52
85 40
85 56
85 23
5 97
5 11
5 95
5 76
5 58
5 16
5 46
5 84
5 52
5 40
5 56
5 23
5 78
97 11
97 95
97 58
97 16
97 46
97 84
97 52
97 40
97 56
97 23
97 78
11 95
11 76
11 58
11 16
11 46
11 84
11 52
11 40
11 56
11 23
11 78
95 76
95 58
95 16
95 46
95 52
95 40
95 56
95 23
95 78
76 58
76 16
76 46
76 84
76 52
76 40
76 56
76 23
76 78
58 46
58 84
58 52
58 40
58 56
58 23
58 78
16 46
16 84
16 52
16 40
16 56
16 23
16 78
46 84
46 40
46 56
46 23
84 52
84 40
84 23
84 78
52 40
52 56
52 23
40 56
40 23
40 78
56 78
23 78
