150 5320
61 20
20 79
24 56
81 62
29 33
49 12
69 55
96 13
69 7
18 12
60 15
55 57
28 5
39 51
94 53
28 54
72 47
84 47
3 16
8 83
48 8
46 69
63 41
81 83
99 99
94 58
65 1
67 92
5 5
94 98
58 21
4 81
19 39
80 73
55 39
55 54
47 100
22 61
92 55
43 91
5 89
100 69
89 66
60 45
71 5
95 28
25 98
60 95
88 39
68 42
78 74
48 76
74 69
36 17
23 30
7 79
18 7
47 58
72 58
55 42
62 49
21 86
98 33
33 85
71 100
79 100
73 26
75 98
46 10
15 21
92 73
99 61
79 46
71 3
3 25
96 17
73 69
54 22
1 86
6 71
85 36
71 58
13 97
7 59
59 21
31 50
94 29
10 24
26 32
26 81
56 74
97 80
42 50
53 42
36 59
12 20
46 34
29 59
83 88
69 41
8 99
90 53
79 51
77 5
83 54
85 90
27 81
22 20
82 74
61 17
84 25
89 82
10 69
40 92
56 60
32 16
10 73
68 88
76 96
44 58
2 80
99 80
12 72
100 94
46 60
62 81
36 50
62 46
71 53
37 26
12 69
41 73
41 61
13 68
56 56
77 9
88 76
89 99
47 88
92 44
99 54
25 35
55 86
80 25
39 68
51 2
36 43
27 29
55 39
96 11
1 2 10
1 3 12
1 5 14
1 12 27
1 14 19
1 16 14
1 19 1
1 20 4
1 22 23
1 24 30
1 28 30
1 30 30
1 32 2
1 33 9
1 37 23
1 38 11
1 40 21
1 41 2
1 47 12
1 48 30
1 52 24
1 55 11
1 56 3
1 58 23
1 62 10
1 64 16
1 65 30
1 66 30
1 68 30
1 70 7
1 75 1
1 80 3
1 83 6
1 84 3
1 86 15
1 88 5
1 89 13
1 90 13
1 91 28
1 93 21
1 95 18
1 96 6
1 98 14
1 99 30
1 101 4
1 106 30
1 107 13
1 113 5
1 114 20
1 115 28
1 117 5
1 118 30
1 119 30
1 120 22
1 121 1
1 123 6
1 125 23
1 126 30
1 127 18
1 131 6
1 132 20
1 133 20
1 134 6
1 138 30
1 139 23
1 142 12
1 143 27
1 145 19
1 147 18
1 148 13
2 4 10
2 6 10
2 7 10
2 8 10
2 9 10
2 10 9
2 11 10
2 13 10
2 15 10
2 17 10
2 18 10
2 21 10
2 23 10
2 26 10
2 27 10
2 31 10
2 34 10
2 35 10
2 36 10
2 39 10
2 42 10
2 43 10
2 44 10
2 45 10
2 46 10
2 49 10
2 50 10
2 51 10
2 53 10
2 54 10
2 57 9
2 59 10
2 60 10
2 61 10
2 63 10
2 67 10
2 69 10
2 71 10
2 72 10
2 73 10
2 74 10
2 76 10
2 77 10
2 78 10
2 81 10
2 82 10
2 85 10
2 87 10
2 92 10
2 94 10
2 97 10
2 100 10
2 102 10
2 103 10
2 104 10
2 105 10
2 108 10
2 109 10
2 110 10
2 111 10
2 112 10
2 116 10
2 122 10
2 124 10
2 128 10
2 129 10
2 130 10
2 136 10
2 137 10
2 140 10
2 141 10
2 144 10
2 146 10
2 149 10
2 150 10
3 4 12
3 6 12
3 7 12
3 8 12
3 9 12
3 10 9
3 11 12
3 13 12
3 15 12
3 17 12
3 18 12
3 21 12
3 23 12
3 26 12
3 27 12
3 31 12
3 34 12
3 35 12
3 36 12
3 39 12
3 42 12
3 43 12
3 44 12
3 45 12
3 46 12
3 49 12
3 50 12
3 51 12
3 53 12
3 54 12
3 57 9
3 59 12
3 60 12
3 61 12
3 63 12
3 67 12
3 69 12
3 71 12
3 72 12
3 73 12
3 74 12
3 76 12
3 77 12
3 78 12
3 81 12
3 82 12
3 85 12
3 87 12
3 92 12
3 94 12
3 97 12
3 100 12
3 102 12
3 103 12
3 104 12
3 105 12
3 108 11
3 109 12
3 110 12
3 111 12
3 112 12
3 116 12
3 122 12
3 124 12
3 128 12
3 129 12
3 130 12
3 136 12
3 137 12
3 140 12
3 141 12
3 144 12
3 146 12
3 149 12
3 150 12
4 5 14
4 12 27
4 14 19
4 16 14
4 19 1
4 20 4
4 22 23
4 24 40
4 28 33
4 30 40
4 32 2
4 33 9
4 37 23
4 38 11
4 40 21
4 41 2
4 47 12
4 48 30
4 52 24
4 55 11
4 56 3
4 58 23
4 62 10
4 64 16
4 65 35
4 66 39
4 68 37
4 70 7
4 75 1
4 80 3
4 83 6
4 84 3
4 86 15
4 88 5
4 89 13
4 90 13
4 91 28
4 93 21
4 95 18
4 96 6
4 98 14
4 99 40
4 101 4
4 106 40
4 107 13
4 113 5
4 114 20
4 115 28
4 117 5
4 118 34
4 119 38
4 120 22
4 121 1
4 123 6
4 125 23
4 126 31
4 127 18
4 131 6
4 132 20
4 133 20
4 134 6
4 138 40
4 139 23
4 142 12
4 143 27
4 145 19
4 147 18
4 148 13
5 6 14
5 7 14
5 8 14
5 9 14
5 10 9
5 11 14
5 13 14
5 15 14
5 17 14
5 18 14
5 21 14
5 23 14
5 26 14
5 27 14
5 31 14
5 34 14
5 35 14
5 36 14
5 39 14
5 42 14
5 43 14
5 44 14
5 45 14
5 46 14
5 49 14
5 50 14
5 51 14
5 53 14
5 54 14
5 57 9
5 59 14
5 60 14
5 61 14
5 63 14
5 67 14
5 69 14
5 71 14
5 72 14
5 73 14
5 74 14
5 76 14
5 77 14
5 78 14
5 81 14
5 82 14
5 85 14
5 87 14
5 92 14
5 94 14
5 97 14
5 100 14
5 102 14
5 103 14
5 104 14
5 105 14
5 108 11
5 109 14
5 110 14
5 111 14
5 112 14
5 116 14
5 122 14
5 124 14
5 128 14
5 129 14
5 130 14
5 136 14
5 137 14
5 140 14
5 141 14
5 144 14
5 146 14
5 149 14
5 150 14
6 12 24
6 14 19
6 16 14
6 19 1
6 20 4
6 22 23
6 24 24
6 28 24
6 30 24
6 32 2
6 33 9
6 37 23
6 38 11
6 40 21
6 41 2
6 47 12
6 48 24
6 52 24
6 55 11
6 56 3
6 58 23
6 62 10
6 64 16
6 65 24
6 66 24
6 68 24
6 70 7
6 75 1
6 80 3
6 83 6
6 84 3
6 86 15
6 88 5
6 89 13
6 90 13
6 91 24
6 93 21
6 95 18
6 96 6
6 98 14
6 99 24
6 101 4
6 106 24
6 107 13
6 113 5
6 114 20
6 115 24
6 117 5
6 118 24
6 119 24
6 120 22
6 121 1
6 123 6
6 125 23
6 126 24
6 127 18
6 131 6
6 132 20
6 133 20
6 134 6
6 138 24
6 139 23
6 142 12
6 143 24
6 145 19
6 147 18
6 148 13
7 12 27
7 14 19
7 16 14
7 19 1
7 20 4
7 22 23
7 24 34
7 28 33
7 30 34
7 32 2
7 33 9
7 37 23
7 38 11
7 40 21
7 41 2
7 47 12
7 48 30
7 52 24
7 55 11
7 56 3
7 58 23
7 62 10
7 64 16
7 65 34
7 66 34
7 68 34
7 70 7
7 75 1
7 80 3
7 83 6
7 84 3
7 86 15
7 88 5
7 89 13
7 90 13
7 91 28
7 93 21
7 95 18
7 96 6
7 98 14
7 99 34
7 101 4
7 106 34
7 107 13
7 113 5
7 114 20
7 115 28
7 117 5
7 118 34
7 119 34
7 120 22
7 121 1
7 123 6
7 125 23
7 126 31
7 127 18
7 131 6
7 132 20
7 133 20
7 134 6
7 138 34
7 139 23
7 142 12
7 143 27
7 145 19
7 147 18
7 148 13
8 12 27
8 14 19
8 16 14
8 19 1
8 20 4
8 22 23
8 24 40
8 28 33
8 30 47
8 32 2
8 33 9
8 37 23
8 38 11
8 40 21
8 41 2
8 47 12
8 48 30
8 52 24
8 55 11
8 56 3
8 58 23
8 62 10
8 64 16
8 65 35
8 66 39
8 68 37
8 70 7
8 75 1
8 80 3
8 83 6
8 84 3
8 86 15
8 88 5
8 89 13
8 90 13
8 91 28
8 93 21
8 95 18
8 96 6
8 98 14
8 99 41
8 101 4
8 106 42
8 107 13
8 113 5
8 114 20
8 115 28
8 117 5
8 118 34
8 119 38
8 120 22
8 121 1
8 123 6
8 125 23
8 126 31
8 127 18
8 131 6
8 132 20
8 133 20
8 134 6
8 138 44
8 139 23
8 142 12
8 143 27
8 145 19
8 147 18
8 148 13
9 12 27
9 14 19
9 16 14
9 19 1
9 20 4
9 22 23
9 24 34
9 28 33
9 30 34
9 32 2
9 33 9
9 37 23
9 38 11
9 40 21
9 41 2
9 47 12
9 48 30
9 52 24
9 55 11
9 56 3
9 58 23
9 62 10
9 64 16
9 65 34
9 66 34
9 68 34
9 70 7
9 75 1
9 80 3
9 83 6
9 84 3
9 86 15
9 88 5
9 89 13
9 90 13
9 91 28
9 93 21
9 95 18
9 96 6
9 98 14
9 99 34
9 101 4
9 106 34
9 107 13
9 113 5
9 114 20
9 115 28
9 117 5
9 118 34
9 119 34
9 120 22
9 121 1
9 123 6
9 125 23
9 126 31
9 127 18
9 131 6
9 132 20
9 133 20
9 134 6
9 138 34
9 139 23
9 142 12
9 143 27
9 145 19
9 147 18
9 148 13
10 12 9
10 14 9
10 16 9
10 19 1
10 20 4
10 22 9
10 24 9
10 28 9
10 30 9
10 32 2
10 33 9
10 37 9
10 38 9
10 40 9
10 41 2
10 47 9
10 48 9
10 52 9
10 55 9
10 56 3
10 58 9
10 62 9
10 64 9
10 65 9
10 66 9
10 68 9
10 70 7
10 75 1
10 80 3
10 83 6
10 84 3
10 86 9
10 88 5
10 89 9
10 90 9
10 91 9
10 93 9
10 95 9
10 96 6
10 98 9
10 99 9
10 101 4
10 106 9
10 107 9
10 113 5
10 114 9
10 115 9
10 117 5
10 118 9
10 119 9
10 120 9
10 121 1
10 123 6
10 125 9
10 126 9
10 127 9
10 131 6
10 132 9
10 133 9
10 134 6
10 138 9
10 139 9
10 142 9
10 143 9
10 145 9
10 147 9
10 148 9
11 12 27
11 14 19
11 16 14
11 19 1
11 20 4
11 22 23
11 24 30
11 28 30
11 30 30
11 32 2
11 33 9
11 37 23
11 38 11
11 40 21
11 41 2
11 47 12
11 48 30
11 52 24
11 55 11
11 56 3
11 58 23
11 62 10
11 64 16
11 65 30
11 66 30
11 68 30
11 70 7
11 75 1
11 80 3
11 83 6
11 84 3
11 86 15
11 88 5
11 89 13
11 90 13
11 91 28
11 93 21
11 95 18
11 96 6
11 98 14
11 99 30
11 101 4
11 106 30
11 107 13
11 113 5
11 114 20
11 115 28
11 117 5
11 118 30
11 119 30
11 120 22
11 121 1
11 123 6
11 125 23
11 126 30
11 127 18
11 131 6
11 132 20
11 133 20
11 134 6
11 138 30
11 139 23
11 142 12
11 143 27
11 145 19
11 147 18
11 148 13
12 13 14
12 15 27
12 17 27
12 18 27
12 21 24
12 23 27
12 26 27
12 27 27
12 31 27
12 34 27
12 35 27
12 36 27
12 39 27
12 42 27
12 43 27
12 44 27
12 45 27
12 46 27
12 49 27
12 50 27
12 51 27
12 53 27
12 54 18
12 57 9
12 59 27
12 60 27
12 61 27
12 63 27
12 67 27
12 69 23
12 71 27
12 72 27
12 73 27
12 74 27
12 76 27
12 77 27
12 78 27
12 81 27
12 82 27
12 85 27
12 87 27
12 92 27
12 94 26
12 97 23
12 100 27
12 102 27
12 103 27
12 104 27
12 105 27
12 108 11
12 109 27
12 110 27
12 111 27
12 112 27
12 116 16
12 122 27
12 124 27
12 128 27
12 129 27
12 130 18
12 136 27
12 137 27
12 140 27
12 141 27
12 144 27
12 146 25
12 149 27
12 150 27
13 14 14
13 16 14
13 19 1
13 20 4
13 22 14
13 24 14
13 28 14
13 30 14
13 32 2
13 33 9
13 37 14
13 38 11
13 40 14
13 41 2
13 47 12
13 48 14
13 52 14
13 55 11
13 56 3
13 58 14
13 62 10
13 64 14
13 65 14
13 66 14
13 68 14
13 70 7
13 75 1
13 80 3
13 83 6
13 84 3
13 86 14
13 88 5
13 89 13
13 90 13
13 91 14
13 93 14
13 95 14
13 96 6
13 98 14
13 99 14
13 101 4
13 106 14
13 107 13
13 113 5
13 114 14
13 115 14
13 117 5
13 118 14
13 119 14
13 120 14
13 121 1
13 123 6
13 125 14
13 126 14
13 127 14
13 131 6
13 132 14
13 133 14
13 134 6
13 138 14
13 139 14
13 142 12
13 143 14
13 145 14
13 147 14
13 148 13
14 15 19
14 17 19
14 18 19
14 21 19
14 23 19
14 26 19
14 27 19
14 31 19
14 34 19
14 35 19
14 36 19
14 39 19
14 42 19
14 43 19
14 44 19
14 45 19
14 46 19
14 49 19
14 50 19
14 51 19
14 53 19
14 54 18
14 57 9
14 59 19
14 60 19
14 61 19
14 63 19
14 67 19
14 69 19
14 71 19
14 72 19
14 73 19
14 74 19
14 76 19
14 77 19
14 78 19
14 81 19
14 82 19
14 85 19
14 87 19
14 92 19
14 94 19
14 97 19
14 100 19
14 102 19
14 103 19
14 104 19
14 105 19
14 108 11
14 109 19
14 110 19
14 111 19
14 112 19
14 116 16
14 122 19
14 124 19
14 128 19
14 129 19
14 130 18
14 136 19
14 137 19
14 140 19
14 141 19
14 144 19
14 146 19
14 149 19
14 150 19
15 16 14
15 19 1
15 20 4
15 22 23
15 24 40
15 28 33
15 30 47
15 32 2
15 33 9
15 37 23
15 38 11
15 40 21
15 41 2
15 47 12
15 48 30
15 52 24
15 55 11
15 56 3
15 58 23
15 62 10
15 64 16
15 65 35
15 66 39
15 68 37
15 70 7
15 75 1
15 80 3
15 83 6
15 84 3
15 86 15
15 88 5
15 89 13
15 90 13
15 91 28
15 93 21
15 95 18
15 96 6
15 98 14
15 99 41
15 101 4
15 106 42
15 107 13
15 113 5
15 114 20
15 115 28
15 117 5
15 118 34
15 119 38
15 120 22
15 121 1
15 123 6
15 125 23
15 126 31
15 127 18
15 131 6
15 132 20
15 133 20
15 134 6
15 138 44
15 139 23
15 142 12
15 143 27
15 145 19
15 147 18
15 148 13
16 17 14
16 18 14
16 21 14
16 23 14
16 26 14
16 27 14
16 31 14
16 34 14
16 35 14
16 36 14
16 39 14
16 42 14
16 43 14
16 44 14
16 45 14
16 46 14
16 49 14
16 50 14
16 51 14
16 53 14
16 54 14
16 57 9
16 59 14
16 60 14
16 61 14
16 63 14
16 67 14
16 69 14
16 71 14
16 72 14
16 73 14
16 74 14
16 76 14
16 77 14
16 78 14
16 81 14
16 82 14
16 85 14
16 87 14
16 92 14
16 94 14
16 97 14
16 100 14
16 102 14
16 103 14
16 104 14
16 105 14
16 108 11
16 109 14
16 110 14
16 111 14
16 112 14
16 116 14
16 122 14
16 124 14
16 128 14
16 129 14
16 130 14
16 136 14
16 137 14
16 140 14
16 141 14
16 144 14
16 146 14
16 149 14
16 150 14
17 19 1
17 20 4
17 22 23
17 24 36
17 28 33
17 30 36
17 32 2
17 33 9
17 37 23
17 38 11
17 40 21
17 41 2
17 47 12
17 48 30
17 52 24
17 55 11
17 56 3
17 58 23
17 62 10
17 64 16
17 65 35
17 66 36
17 68 36
17 70 7
17 75 1
17 80 3
17 83 6
17 84 3
17 86 15
17 88 5
17 89 13
17 90 13
17 91 28
17 93 21
17 95 18
17 96 6
17 98 14
17 99 36
17 101 4
17 106 36
17 107 13
17 113 5
17 114 20
17 115 28
17 117 5
17 118 34
17 119 36
17 120 22
17 121 1
17 123 6
17 125 23
17 126 31
17 127 18
17 131 6
17 132 20
17 133 20
17 134 6
17 138 36
17 139 23
17 142 12
17 143 27
17 145 19
17 147 18
17 148 13
18 19 1
18 20 4
18 22 23
18 24 40
18 28 33
18 30 42
18 32 2
18 33 9
18 37 23
18 38 11
18 40 21
18 41 2
18 47 12
18 48 30
18 52 24
18 55 11
18 56 3
18 58 23
18 62 10
18 64 16
18 65 35
18 66 39
18 68 37
18 70 7
18 75 1
18 80 3
18 83 6
18 84 3
18 86 15
18 88 5
18 89 13
18 90 13
18 91 28
18 93 21
18 95 18
18 96 6
18 98 14
18 99 41
18 101 4
18 106 42
18 107 13
18 113 5
18 114 20
18 115 28
18 117 5
18 118 34
18 119 38
18 120 22
18 121 1
18 123 6
18 125 23
18 126 31
18 127 18
18 131 6
18 132 20
18 133 20
18 134 6
18 138 42
18 139 23
18 142 12
18 143 27
18 145 19
18 147 18
18 148 13
19 21 1
19 23 1
19 26 1
19 27 1
19 31 1
19 34 1
19 35 1
19 36 1
19 39 1
19 42 1
19 43 1
19 44 1
19 45 1
19 46 1
19 49 1
19 50 1
19 51 1
19 53 1
19 54 1
19 57 1
19 59 1
19 60 1
19 61 1
19 63 1
19 67 1
19 69 1
19 71 1
19 72 1
19 73 1
19 74 1
19 76 1
19 77 1
19 78 1
19 81 1
19 82 1
19 85 1
19 87 1
19 92 1
19 94 1
19 97 1
19 100 1
19 102 1
19 103 1
19 104 1
19 105 1
19 108 1
19 109 1
19 110 1
19 111 1
19 112 1
19 116 1
19 122 1
19 124 1
19 128 1
19 129 1
19 130 1
19 136 1
19 137 1
19 140 1
19 141 1
19 144 1
19 146 1
19 149 1
19 150 1
20 21 4
20 23 4
20 26 4
20 27 4
20 31 4
20 34 4
20 35 4
20 36 4
20 39 4
20 42 4
20 43 4
20 44 4
20 45 4
20 46 4
20 49 4
20 50 4
20 51 4
20 53 4
20 54 4
20 57 4
20 59 4
20 60 4
20 61 4
20 63 4
20 67 4
20 69 4
20 71 4
20 72 4
20 73 4
20 74 4
20 76 4
20 77 4
20 78 4
20 81 4
20 82 4
20 85 4
20 87 4
20 92 4
20 94 4
20 97 4
20 100 4
20 102 4
20 103 4
20 104 4
20 105 4
20 108 4
20 109 4
20 110 4
20 111 4
20 112 4
20 116 4
20 122 4
20 124 4
20 128 4
20 129 4
20 130 4
20 136 4
20 137 4
20 140 4
20 141 4
20 144 4
20 146 4
20 149 4
20 150 4
21 22 23
21 24 24
21 28 24
21 30 24
21 32 2
21 33 9
21 37 23
21 38 11
21 40 21
21 41 2
21 47 12
21 48 24
21 52 24
21 55 11
21 56 3
21 58 23
21 62 10
21 64 16
21 65 24
21 66 24
21 68 24
21 70 7
21 75 1
21 80 3
21 83 6
21 84 3
21 86 15
21 88 5
21 89 13
21 90 13
21 91 24
21 93 21
21 95 18
21 96 6
21 98 14
21 99 24
21 101 4
21 106 24
21 107 13
21 113 5
21 114 20
21 115 24
21 117 5
21 118 24
21 119 24
21 120 22
21 121 1
21 123 6
21 125 23
21 126 24
21 127 18
21 131 6
21 132 20
21 133 20
21 134 6
21 138 24
21 139 23
21 142 12
21 143 24
21 145 19
21 147 18
21 148 13
22 23 23
22 26 23
22 27 23
22 31 23
22 34 23
22 35 23
22 36 23
22 39 23
22 42 23
22 43 23
22 44 23
22 45 23
22 46 23
22 49 23
22 50 23
22 51 23
22 53 23
22 54 18
22 57 9
22 59 23
22 60 23
22 61 23
22 63 23
22 67 23
22 69 23
22 71 23
22 72 23
22 73 23
22 74 23
22 76 23
22 77 23
22 78 23
22 81 23
22 82 23
22 85 23
22 87 23
22 92 23
22 94 23
22 97 23
22 100 23
22 102 23
22 103 23
22 104 23
22 105 23
22 108 11
22 109 23
22 110 23
22 111 23
22 112 23
22 116 16
22 122 23
22 124 23
22 128 23
22 129 23
22 130 18
22 136 23
22 137 23
22 140 23
22 141 23
22 144 23
22 146 23
22 149 23
22 150 23
23 24 31
23 28 31
23 30 31
23 32 2
23 33 9
23 37 23
23 38 11
23 40 21
23 41 2
23 47 12
23 48 30
23 52 24
23 55 11
23 56 3
23 58 23
23 62 10
23 64 16
23 65 31
23 66 31
23 68 31
23 70 7
23 75 1
23 80 3
23 83 6
23 84 3
23 86 15
23 88 5
23 89 13
23 90 13
23 91 28
23 93 21
23 95 18
23 96 6
23 98 14
23 99 31
23 101 4
23 106 31
23 107 13
23 113 5
23 114 20
23 115 28
23 117 5
23 118 31
23 119 31
23 120 22
23 121 1
23 123 6
23 125 23
23 126 31
23 127 18
23 131 6
23 132 20
23 133 20
23 134 6
23 138 31
23 139 23
23 142 12
23 143 27
23 145 19
23 147 18
23 148 13
24 26 40
24 27 32
24 31 29
24 34 40
24 35 27
24 36 27
24 39 40
24 42 40
24 43 40
24 44 30
24 45 35
24 46 40
24 49 40
24 50 34
24 51 39
24 53 37
24 54 18
24 57 9
24 59 36
24 60 27
24 61 31
24 63 40
24 67 36
24 69 23
24 71 40
24 72 40
24 73 39
24 74 35
24 76 40
24 77 36
24 78 27
24 81 40
24 82 35
24 85 29
24 87 40
24 92 40
24 94 26
24 97 23
24 100 34
24 102 40
24 103 39
24 104 38
24 105 40
24 108 11
24 109 40
24 110 30
24 111 40
24 112 40
24 116 16
24 122 40
24 124 40
24 128 31
24 129 35
24 130 18
24 136 38
24 137 40
24 140 40
24 141 40
24 144 40
24 146 25
24 149 27
24 150 40
26 28 33
26 30 47
26 32 2
26 33 9
26 37 23
26 38 11
26 40 21
26 41 2
26 47 12
26 48 30
26 52 24
26 55 11
26 56 3
26 58 23
26 62 10
26 64 16
26 65 35
26 66 39
26 68 37
26 70 7
26 75 1
26 80 3
26 83 6
26 84 3
26 86 15
26 88 5
26 89 13
26 90 13
26 91 28
26 93 21
26 95 18
26 96 6
26 98 14
26 99 41
26 101 4
26 106 42
26 107 13
26 113 5
26 114 20
26 115 28
26 117 5
26 118 34
26 119 38
26 120 22
26 121 1
26 123 6
26 125 23
26 126 31
26 127 18
26 131 6
26 132 20
26 133 20
26 134 6
26 138 44
26 139 23
26 142 12
26 143 27
26 145 19
26 147 18
26 148 13
27 28 32
27 30 32
27 32 2
27 33 9
27 37 23
27 38 11
27 40 21
27 41 2
27 47 12
27 48 30
27 52 24
27 55 11
27 56 3
27 58 23
27 62 10
27 64 16
27 65 32
27 66 32
27 68 32
27 70 7
27 75 1
27 80 3
27 83 6
27 84 3
27 86 15
27 88 5
27 89 13
27 90 13
27 91 28
27 93 21
27 95 18
27 96 6
27 98 14
27 99 32
27 101 4
27 106 32
27 107 13
27 113 5
27 114 20
27 115 28
27 117 5
27 118 32
27 119 32
27 120 22
27 121 1
27 123 6
27 125 23
27 126 31
27 127 18
27 131 6
27 132 20
27 133 20
27 134 6
27 138 32
27 139 23
27 142 12
27 143 27
27 145 19
27 147 18
27 148 13
28 31 29
28 34 33
28 35 27
28 36 27
28 39 33
28 42 33
28 43 33
28 44 30
28 45 33
28 46 33
28 49 33
28 50 33
28 51 33
28 53 33
28 54 18
28 57 9
28 59 33
28 60 27
28 61 31
28 63 33
28 67 33
28 69 23
28 71 33
28 72 33
28 73 33
28 74 33
28 76 33
28 77 33
28 78 27
28 81 33
28 82 33
28 85 29
28 87 33
28 92 33
28 94 26
28 97 23
28 100 33
28 102 33
28 103 33
28 104 33
28 105 33
28 108 11
28 109 33
28 110 30
28 111 33
28 112 33
28 116 16
28 122 33
28 124 33
28 128 31
28 129 33
28 130 18
28 136 33
28 137 33
28 140 33
28 141 33
28 144 33
28 146 25
28 149 27
28 150 33
30 31 29
30 34 40
30 35 27
30 36 27
30 39 46
30 42 47
30 43 44
30 44 30
30 45 35
30 46 47
30 49 44
30 50 34
30 51 39
30 53 37
30 54 18
30 57 9
30 59 36
30 60 27
30 61 31
30 63 47
30 67 36
30 69 23
30 71 46
30 72 47
30 73 39
30 74 35
30 76 47
30 77 36
30 78 27
30 81 42
30 82 35
30 85 29
30 87 47
30 92 47
30 94 26
30 97 23
30 100 34
30 102 45
30 103 39
30 104 38
30 105 41
30 108 11
30 109 41
30 110 30
30 111 42
30 112 44
30 116 16
30 122 47
30 124 47
30 128 31
30 129 35
30 130 18
30 136 38
30 137 44
30 140 46
30 141 47
30 144 40
30 146 25
30 149 27
30 150 47
31 32 2
31 33 9
31 37 23
31 38 11
31 40 21
31 41 2
31 47 12
31 48 29
31 52 24
31 55 11
31 56 3
31 58 23
31 62 10
31 64 16
31 65 29
31 66 29
31 68 29
31 70 7
31 75 1
31 80 3
31 83 6
31 84 3
31 86 15
31 88 5
31 89 13
31 90 13
31 91 28
31 93 21
31 95 18
31 96 6
31 98 14
31 99 29
31 101 4
31 106 29
31 107 13
31 113 5
31 114 20
31 115 28
31 117 5
31 118 29
31 119 29
31 120 22
31 121 1
31 123 6
31 125 23
31 126 29
31 127 18
31 131 6
31 132 20
31 133 20
31 134 6
31 138 29
31 139 23
31 142 12
31 143 27
31 145 19
31 147 18
31 148 13
32 34 2
32 35 2
32 36 2
32 39 2
32 42 2
32 43 2
32 44 2
32 45 2
32 46 2
32 49 2
32 50 2
32 51 2
32 53 2
32 54 2
32 57 2
32 59 2
32 60 2
32 61 2
32 63 2
32 67 2
32 69 2
32 71 2
32 72 2
32 73 2
32 74 2
32 76 2
32 77 2
32 78 2
32 81 2
32 82 2
32 85 2
32 87 2
32 92 2
32 94 2
32 97 2
32 100 2
32 102 2
32 103 2
32 104 2
32 105 2
32 108 2
32 109 2
32 110 2
32 111 2
32 112 2
32 116 2
32 122 2
32 124 2
32 128 2
32 129 2
32 130 2
32 136 2
32 137 2
32 140 2
32 141 2
32 144 2
32 146 2
32 149 2
32 150 2
33 34 9
33 35 9
33 36 9
33 39 9
33 42 9
33 43 9
33 44 9
33 45 9
33 46 9
33 49 9
33 50 9
33 51 9
33 53 9
33 54 9
33 57 9
33 59 9
33 60 9
33 61 9
33 63 9
33 67 9
33 69 9
33 71 9
33 72 9
33 73 9
33 74 9
33 76 9
33 77 9
33 78 9
33 81 9
33 82 9
33 85 9
33 87 9
33 92 9
33 94 9
33 97 9
33 100 9
33 102 9
33 103 9
33 104 9
33 105 9
33 108 9
33 109 9
33 110 9
33 111 9
33 112 9
33 116 9
33 122 9
33 124 9
33 128 9
33 129 9
33 130 9
33 136 9
33 137 9
33 140 9
33 141 9
33 144 9
33 146 9
33 149 9
33 150 9
34 37 23
34 38 11
34 40 21
34 41 2
34 47 12
34 48 30
34 52 24
34 55 11
34 56 3
34 58 23
34 62 10
34 64 16
34 65 35
34 66 39
34 68 37
34 70 7
34 75 1
34 80 3
34 83 6
34 84 3
34 86 15
34 88 5
34 89 13
34 90 13
34 91 28
34 93 21
34 95 18
34 96 6
34 98 14
34 99 40
34 101 4
34 106 40
34 107 13
34 113 5
34 114 20
34 115 28
34 117 5
34 118 34
34 119 38
34 120 22
34 121 1
34 123 6
34 125 23
34 126 31
34 127 18
34 131 6
34 132 20
34 133 20
34 134 6
34 138 40
34 139 23
34 142 12
34 143 27
34 145 19
34 147 18
34 148 13
35 37 23
35 38 11
35 40 21
35 41 2
35 47 12
35 48 27
35 52 24
35 55 11
35 56 3
35 58 23
35 62 10
35 64 16
35 65 27
35 66 27
35 68 27
35 70 7
35 75 1
35 80 3
35 83 6
35 84 3
35 86 15
35 88 5
35 89 13
35 90 13
35 91 27
35 93 21
35 95 18
35 96 6
35 98 14
35 99 27
35 101 4
35 106 27
35 107 13
35 113 5
35 114 20
35 115 27
35 117 5
35 118 27
35 119 27
35 120 22
35 121 1
35 123 6
35 125 23
35 126 27
35 127 18
35 131 6
35 132 20
35 133 20
35 134 6
35 138 27
35 139 23
35 142 12
35 143 27
35 145 19
35 147 18
35 148 13
36 37 23
36 38 11
36 40 21
36 41 2
36 47 12
36 48 27
36 52 24
36 55 11
36 56 3
36 58 23
36 62 10
36 64 16
36 65 27
36 66 27
36 68 27
36 70 7
36 75 1
36 80 3
36 83 6
36 84 3
36 86 15
36 88 5
36 89 13
36 90 13
36 91 27
36 93 21
36 95 18
36 96 6
36 98 14
36 99 27
36 101 4
36 106 27
36 107 13
36 113 5
36 114 20
36 115 27
36 117 5
36 118 27
36 119 27
36 120 22
36 121 1
36 123 6
36 125 23
36 126 27
36 127 18
36 131 6
36 132 20
36 133 20
36 134 6
36 138 27
36 139 23
36 142 12
36 143 27
36 145 19
36 147 18
36 148 13
37 39 23
37 42 23
37 43 23
37 44 23
37 45 23
37 46 23
37 49 23
37 50 23
37 51 23
37 53 23
37 54 18
37 57 9
37 59 23
37 60 23
37 61 23
37 63 23
37 67 23
37 69 23
37 71 23
37 72 23
37 73 23
37 74 23
37 76 23
37 77 23
37 78 23
37 81 23
37 82 23
37 85 23
37 87 23
37 92 23
37 94 23
37 97 23
37 100 23
37 102 23
37 103 23
37 104 23
37 105 23
37 108 11
37 109 23
37 110 23
37 111 23
37 112 23
37 116 16
37 122 23
37 124 23
37 128 23
37 129 23
37 130 18
37 136 23
37 137 23
37 140 23
37 141 23
37 144 23
37 146 23
37 149 23
37 150 23
38 39 11
38 42 11
38 43 11
38 44 11
38 45 11
38 46 11
38 49 11
38 50 11
38 51 11
38 53 11
38 54 11
38 57 9
38 59 11
38 60 11
38 61 11
38 63 11
38 67 11
38 69 11
38 71 11
38 72 11
38 73 11
38 74 11
38 76 11
38 77 11
38 78 11
38 81 11
38 82 11
38 85 11
38 87 11
38 92 11
38 94 11
38 97 11
38 100 11
38 102 11
38 103 11
38 104 11
38 105 11
38 108 11
38 109 11
38 110 11
38 111 11
38 112 11
38 116 11
38 122 11
38 124 11
38 128 11
38 129 11
38 130 11
38 136 11
38 137 11
38 140 11
38 141 11
38 144 11
38 146 11
38 149 11
38 150 11
39 40 21
39 41 2
39 47 12
39 48 30
39 52 24
39 55 11
39 56 3
39 58 23
39 62 10
39 64 16
39 65 35
39 66 39
39 68 37
39 70 7
39 75 1
39 80 3
39 83 6
39 84 3
39 86 15
39 88 5
39 89 13
39 90 13
39 91 28
39 93 21
39 95 18
39 96 6
39 98 14
39 99 41
39 101 4
39 106 42
39 107 13
39 113 5
39 114 20
39 115 28
39 117 5
39 118 34
39 119 38
39 120 22
39 121 1
39 123 6
39 125 23
39 126 31
39 127 18
39 131 6
39 132 20
39 133 20
39 134 6
39 138 44
39 139 23
39 142 12
39 143 27
39 145 19
39 147 18
39 148 13
40 42 21
40 43 21
40 44 21
40 45 21
40 46 21
40 49 21
40 50 21
40 51 21
40 53 21
40 54 18
40 57 9
40 59 21
40 60 21
40 61 21
40 63 21
40 67 21
40 69 21
40 71 21
40 72 21
40 73 21
40 74 21
40 76 21
40 77 21
40 78 21
40 81 21
40 82 21
40 85 21
40 87 21
40 92 21
40 94 21
40 97 21
40 100 21
40 102 21
40 103 21
40 104 21
40 105 21
40 108 11
40 109 21
40 110 21
40 111 21
40 112 21
40 116 16
40 122 21
40 124 21
40 128 21
40 129 21
40 130 18
40 136 21
40 137 21
40 140 21
40 141 21
40 144 21
40 146 21
40 149 21
40 150 21
41 42 2
41 43 2
41 44 2
41 45 2
41 46 2
41 49 2
41 50 2
41 51 2
41 53 2
41 54 2
41 57 2
41 59 2
41 60 2
41 61 2
41 63 2
41 67 2
41 69 2
41 71 2
41 72 2
41 73 2
41 74 2
41 76 2
41 77 2
41 78 2
41 81 2
41 82 2
41 85 2
41 87 2
41 92 2
41 94 2
41 97 2
41 100 2
41 102 2
41 103 2
41 104 2
41 105 2
41 108 2
41 109 2
41 110 2
41 111 2
41 112 2
41 116 2
41 122 2
41 124 2
41 128 2
41 129 2
41 130 2
41 136 2
41 137 2
41 140 2
41 141 2
41 144 2
41 146 2
41 149 2
41 150 2
42 47 12
42 48 30
42 52 24
42 55 11
42 56 3
42 58 23
42 62 10
42 64 16
42 65 35
42 66 39
42 68 37
42 70 7
42 75 1
42 80 3
42 83 6
42 84 3
42 86 15
42 88 5
42 89 13
42 90 13
42 91 28
42 93 21
42 95 18
42 96 6
42 98 14
42 99 41
42 101 4
42 106 42
42 107 13
42 113 5
42 114 20
42 115 28
42 117 5
42 118 34
42 119 38
42 120 22
42 121 1
42 123 6
42 125 23
42 126 31
42 127 18
42 131 6
42 132 20
42 133 20
42 134 6
42 138 44
42 139 23
42 142 12
42 143 27
42 145 19
42 147 18
42 148 13
43 47 12
43 48 30
43 52 24
43 55 11
43 56 3
43 58 23
43 62 10
43 64 16
43 65 35
43 66 39
43 68 37
43 70 7
43 75 1
43 80 3
43 83 6
43 84 3
43 86 15
43 88 5
43 89 13
43 90 13
43 91 28
43 93 21
43 95 18
43 96 6
43 98 14
43 99 41
43 101 4
43 106 42
43 107 13
43 113 5
43 114 20
43 115 28
43 117 5
43 118 34
43 119 38
43 120 22
43 121 1
43 123 6
43 125 23
43 126 31
43 127 18
43 131 6
43 132 20
43 133 20
43 134 6
43 138 44
43 139 23
43 142 12
43 143 27
43 145 19
43 147 18
43 148 13
44 47 12
44 48 30
44 52 24
44 55 11
44 56 3
44 58 23
44 62 10
44 64 16
44 65 30
44 66 30
44 68 30
44 70 7
44 75 1
44 80 3
44 83 6
44 84 3
44 86 15
44 88 5
44 89 13
44 90 13
44 91 28
44 93 21
44 95 18
44 96 6
44 98 14
44 99 30
44 101 4
44 106 30
44 107 13
44 113 5
44 114 20
44 115 28
44 117 5
44 118 30
44 119 30
44 120 22
44 121 1
44 123 6
44 125 23
44 126 30
44 127 18
44 131 6
44 132 20
44 133 20
44 134 6
44 138 30
44 139 23
44 142 12
44 143 27
44 145 19
44 147 18
44 148 13
45 47 12
45 48 30
45 52 24
45 55 11
45 56 3
45 58 23
45 62 10
45 64 16
45 65 35
45 66 35
45 68 35
45 70 7
45 75 1
45 80 3
45 83 6
45 84 3
45 86 15
45 88 5
45 89 13
45 90 13
45 91 28
45 93 21
45 95 18
45 96 6
45 98 14
45 99 35
45 101 4
45 106 35
45 107 13
45 113 5
45 114 20
45 115 28
45 117 5
45 118 34
45 119 35
45 120 22
45 121 1
45 123 6
45 125 23
45 126 31
45 127 18
45 131 6
45 132 20
45 133 20
45 134 6
45 138 35
45 139 23
45 142 12
45 143 27
45 145 19
45 147 18
45 148 13
46 47 12
46 48 30
46 52 24
46 55 11
46 56 3
46 58 23
46 62 10
46 64 16
46 65 35
46 66 39
46 68 37
46 70 7
46 75 1
46 80 3
46 83 6
46 84 3
46 86 15
46 88 5
46 89 13
46 90 13
46 91 28
46 93 21
46 95 18
46 96 6
46 98 14
46 99 41
46 101 4
46 106 42
46 107 13
46 113 5
46 114 20
46 115 28
46 117 5
46 118 34
46 119 38
46 120 22
46 121 1
46 123 6
46 125 23
46 126 31
46 127 18
46 131 6
46 132 20
46 133 20
46 134 6
46 138 44
46 139 23
46 142 12
46 143 27
46 145 19
46 147 18
46 148 13
47 49 12
47 50 12
47 51 12
47 53 12
47 54 12
47 57 9
47 59 12
47 60 12
47 61 12
47 63 12
47 67 12
47 69 12
47 71 12
47 72 12
47 73 12
47 74 12
47 76 12
47 77 12
47 78 12
47 81 12
47 82 12
47 85 12
47 87 12
47 92 12
47 94 12
47 97 12
47 100 12
47 102 12
47 103 12
47 104 12
47 105 12
47 108 11
47 109 12
47 110 12
47 111 12
47 112 12
47 116 12
47 122 12
47 124 12
47 128 12
47 129 12
47 130 12
47 136 12
47 137 12
47 140 12
47 141 12
47 144 12
47 146 12
47 149 12
47 150 12
48 49 30
48 50 30
48 51 30
48 53 30
48 54 18
48 57 9
48 59 30
48 60 27
48 61 30
48 63 30
48 67 30
48 69 23
48 71 30
48 72 30
48 73 30
48 74 30
48 76 30
48 77 30
48 78 27
48 81 30
48 82 30
48 85 29
48 87 30
48 92 30
48 94 26
48 97 23
48 100 30
48 102 30
48 103 30
48 104 30
48 105 30
48 108 11
48 109 30
48 110 30
48 111 30
48 112 30
48 116 16
48 122 30
48 124 30
48 128 30
48 129 30
48 130 18
48 136 30
48 137 30
48 140 30
48 141 30
48 144 30
48 146 25
48 149 27
48 150 30
49 52 24
49 55 11
49 56 3
49 58 23
49 62 10
49 64 16
49 65 35
49 66 39
49 68 37
49 70 7
49 75 1
49 80 3
49 83 6
49 84 3
49 86 15
49 88 5
49 89 13
49 90 13
49 91 28
49 93 21
49 95 18
49 96 6
49 98 14
49 99 41
49 101 4
49 106 42
49 107 13
49 113 5
49 114 20
49 115 28
49 117 5
49 118 34
49 119 38
49 120 22
49 121 1
49 123 6
49 125 23
49 126 31
49 127 18
49 131 6
49 132 20
49 133 20
49 134 6
49 138 44
49 139 23
49 142 12
49 143 27
49 145 19
49 147 18
49 148 13
50 52 24
50 55 11
50 56 3
50 58 23
50 62 10
50 64 16
50 65 34
50 66 34
50 68 34
50 70 7
50 75 1
50 80 3
50 83 6
50 84 3
50 86 15
50 88 5
50 89 13
50 90 13
50 91 28
50 93 21
50 95 18
50 96 6
50 98 14
50 99 34
50 101 4
50 106 34
50 107 13
50 113 5
50 114 20
50 115 28
50 117 5
50 118 34
50 119 34
50 120 22
50 121 1
50 123 6
50 125 23
50 126 31
50 127 18
50 131 6
50 132 20
50 133 20
50 134 6
50 138 34
50 139 23
50 142 12
50 143 27
50 145 19
50 147 18
50 148 13
51 52 24
51 55 11
51 56 3
51 58 23
51 62 10
51 64 16
51 65 35
51 66 39
51 68 37
51 70 7
51 75 1
51 80 3
51 83 6
51 84 3
51 86 15
51 88 5
51 89 13
51 90 13
51 91 28
51 93 21
51 95 18
51 96 6
51 98 14
51 99 39
51 101 4
51 106 39
51 107 13
51 113 5
51 114 20
51 115 28
51 117 5
51 118 34
51 119 38
51 120 22
51 121 1
51 123 6
51 125 23
51 126 31
51 127 18
51 131 6
51 132 20
51 133 20
51 134 6
51 138 39
51 139 23
51 142 12
51 143 27
51 145 19
51 147 18
51 148 13
52 53 24
52 54 18
52 57 9
52 59 24
52 60 24
52 61 24
52 63 24
52 67 24
52 69 23
52 71 24
52 72 24
52 73 24
52 74 24
52 76 24
52 77 24
52 78 24
52 81 24
52 82 24
52 85 24
52 87 24
52 92 24
52 94 24
52 97 23
52 100 24
52 102 24
52 103 24
52 104 24
52 105 24
52 108 11
52 109 24
52 110 24
52 111 24
52 112 24
52 116 16
52 122 24
52 124 24
52 128 24
52 129 24
52 130 18
52 136 24
52 137 24
52 140 24
52 141 24
52 144 24
52 146 24
52 149 24
52 150 24
53 55 11
53 56 3
53 58 23
53 62 10
53 64 16
53 65 35
53 66 37
53 68 37
53 70 7
53 75 1
53 80 3
53 83 6
53 84 3
53 86 15
53 88 5
53 89 13
53 90 13
53 91 28
53 93 21
53 95 18
53 96 6
53 98 14
53 99 37
53 101 4
53 106 37
53 107 13
53 113 5
53 114 20
53 115 28
53 117 5
53 118 34
53 119 37
53 120 22
53 121 1
53 123 6
53 125 23
53 126 31
53 127 18
53 131 6
53 132 20
53 133 20
53 134 6
53 138 37
53 139 23
53 142 12
53 143 27
53 145 19
53 147 18
53 148 13
54 55 11
54 56 3
54 58 18
54 62 10
54 64 16
54 65 18
54 66 18
54 68 18
54 70 7
54 75 1
54 80 3
54 83 6
54 84 3
54 86 15
54 88 5
54 89 13
54 90 13
54 91 18
54 93 18
54 95 18
54 96 6
54 98 14
54 99 18
54 101 4
54 106 18
54 107 13
54 113 5
54 114 18
54 115 18
54 117 5
54 118 18
54 119 18
54 120 18
54 121 1
54 123 6
54 125 18
54 126 18
54 127 18
54 131 6
54 132 18
54 133 18
54 134 6
54 138 18
54 139 18
54 142 12
54 143 18
54 145 18
54 147 18
54 148 13
55 57 9
55 59 11
55 60 11
55 61 11
55 63 11
55 67 11
55 69 11
55 71 11
55 72 11
55 73 11
55 74 11
55 76 11
55 77 11
55 78 11
55 81 11
55 82 11
55 85 11
55 87 11
55 92 11
55 94 11
55 97 11
55 100 11
55 102 11
55 103 11
55 104 11
55 105 11
55 108 11
55 109 11
55 110 11
55 111 11
55 112 11
55 116 11
55 122 11
55 124 11
55 128 11
55 129 11
55 130 11
55 136 11
55 137 11
55 140 11
55 141 11
55 144 11
55 146 11
55 149 11
55 150 11
56 57 3
56 59 3
56 60 3
56 61 3
56 63 3
56 67 3
56 69 3
56 71 3
56 72 3
56 73 3
56 74 3
56 76 3
56 77 3
56 78 3
56 81 3
56 82 3
56 85 3
56 87 3
56 92 3
56 94 3
56 97 3
56 100 3
56 102 3
56 103 3
56 104 3
56 105 3
56 108 3
56 109 3
56 110 3
56 111 3
56 112 3
56 116 3
56 122 3
56 124 3
56 128 3
56 129 3
56 130 3
56 136 3
56 137 3
56 140 3
56 141 3
56 144 3
56 146 3
56 149 3
56 150 3
57 58 9
57 62 9
57 64 9
57 65 9
57 66 9
57 68 9
57 70 7
57 75 1
57 80 3
57 83 6
57 84 3
57 86 9
57 88 5
57 89 9
57 90 9
57 91 9
57 93 9
57 95 9
57 96 6
57 98 9
57 99 9
57 101 4
57 106 9
57 107 9
57 113 5
57 114 9
57 115 9
57 117 5
57 118 9
57 119 9
57 120 9
57 121 1
57 123 6
57 125 9
57 126 9
57 127 9
57 131 6
57 132 9
57 133 9
57 134 6
57 138 9
57 139 9
57 142 9
57 143 9
57 145 9
57 147 9
57 148 9
58 59 23
58 60 23
58 61 23
58 63 23
58 67 23
58 69 23
58 71 23
58 72 23
58 73 23
58 74 23
58 76 23
58 77 23
58 78 23
58 81 23
58 82 23
58 85 23
58 87 23
58 92 23
58 94 23
58 97 23
58 100 23
58 102 23
58 103 23
58 104 23
58 105 23
58 108 11
58 109 23
58 110 23
58 111 23
58 112 23
58 116 16
58 122 23
58 124 23
58 128 23
58 129 23
58 130 18
58 136 23
58 137 23
58 140 23
58 141 23
58 144 23
58 146 23
58 149 23
58 150 23
59 62 10
59 64 16
59 65 35
59 66 36
59 68 36
59 70 7
59 75 1
59 80 3
59 83 6
59 84 3
59 86 15
59 88 5
59 89 13
59 90 13
59 91 28
59 93 21
59 95 18
59 96 6
59 98 14
59 99 36
59 101 4
59 106 36
59 107 13
59 113 5
59 114 20
59 115 28
59 117 5
59 118 34
59 119 36
59 120 22
59 121 1
59 123 6
59 125 23
59 126 31
59 127 18
59 131 6
59 132 20
59 133 20
59 134 6
59 138 36
59 139 23
59 142 12
59 143 27
59 145 19
59 147 18
59 148 13
60 62 10
60 64 16
60 65 27
60 66 27
60 68 27
60 70 7
60 75 1
60 80 3
60 83 6
60 84 3
60 86 15
60 88 5
60 89 13
60 90 13
60 91 27
60 93 21
60 95 18
60 96 6
60 98 14
60 99 27
60 101 4
60 106 27
60 107 13
60 113 5
60 114 20
60 115 27
60 117 5
60 118 27
60 119 27
60 120 22
60 121 1
60 123 6
60 125 23
60 126 27
60 127 18
60 131 6
60 132 20
60 133 20
60 134 6
60 138 27
60 139 23
60 142 12
60 143 27
60 145 19
60 147 18
60 148 13
61 62 10
61 64 16
61 65 31
61 66 31
61 68 31
61 70 7
61 75 1
61 80 3
61 83 6
61 84 3
61 86 15
61 88 5
61 89 13
61 90 13
61 91 28
61 93 21
61 95 18
61 96 6
61 98 14
61 99 31
61 101 4
61 106 31
61 107 13
61 113 5
61 114 20
61 115 28
61 117 5
61 118 31
61 119 31
61 120 22
61 121 1
61 123 6
61 125 23
61 126 31
61 127 18
61 131 6
61 132 20
61 133 20
61 134 6
61 138 31
61 139 23
61 142 12
61 143 27
61 145 19
61 147 18
61 148 13
62 63 10
62 67 10
62 69 10
62 71 10
62 72 10
62 73 10
62 74 10
62 76 10
62 77 10
62 78 10
62 81 10
62 82 10
62 85 10
62 87 10
62 92 10
62 94 10
62 97 10
62 100 10
62 102 10
62 103 10
62 104 10
62 105 10
62 108 10
62 109 10
62 110 10
62 111 10
62 112 10
62 116 10
62 122 10
62 124 10
62 128 10
62 129 10
62 130 10
62 136 10
62 137 10
62 140 10
62 141 10
62 144 10
62 146 10
62 149 10
62 150 10
63 64 16
63 65 35
63 66 39
63 68 37
63 70 7
63 75 1
63 80 3
63 83 6
63 84 3
63 86 15
63 88 5
63 89 13
63 90 13
63 91 28
63 93 21
63 95 18
63 96 6
63 98 14
63 99 41
63 101 4
63 106 42
63 107 13
63 113 5
63 114 20
63 115 28
63 117 5
63 118 34
63 119 38
63 120 22
63 121 1
63 123 6
63 125 23
63 126 31
63 127 18
63 131 6
63 132 20
63 133 20
63 134 6
63 138 44
63 139 23
63 142 12
63 143 27
63 145 19
63 147 18
63 148 13
64 67 16
64 69 16
64 71 16
64 72 16
64 73 16
64 74 16
64 76 16
64 77 16
64 78 16
64 81 16
64 82 16
64 85 16
64 87 16
64 92 16
64 94 16
64 97 16
64 100 16
64 102 16
64 103 16
64 104 16
64 105 16
64 108 11
64 109 16
64 110 16
64 111 16
64 112 16
64 116 16
64 122 16
64 124 16
64 128 16
64 129 16
64 130 16
64 136 16
64 137 16
64 140 16
64 141 16
64 144 16
64 146 16
64 149 16
64 150 16
65 67 35
65 69 23
65 71 35
65 72 35
65 73 35
65 74 35
65 76 35
65 77 35
65 78 27
65 81 35
65 82 35
65 85 29
65 87 35
65 92 35
65 94 26
65 97 23
65 100 34
65 102 35
65 103 35
65 104 35
65 105 35
65 108 11
65 109 35
65 110 30
65 111 35
65 112 35
65 116 16
65 122 35
65 124 35
65 128 31
65 129 35
65 130 18
65 136 35
65 137 35
65 140 35
65 141 35
65 144 35
65 146 25
65 149 27
65 150 35
66 67 36
66 69 23
66 71 39
66 72 39
66 73 39
66 74 35
66 76 39
66 77 36
66 78 27
66 81 39
66 82 35
66 85 29
66 87 39
66 92 39
66 94 26
66 97 23
66 100 34
66 102 39
66 103 39
66 104 38
66 105 39
66 108 11
66 109 39
66 110 30
66 111 39
66 112 39
66 116 16
66 122 39
66 124 39
66 128 31
66 129 35
66 130 18
66 136 38
66 137 39
66 140 39
66 141 39
66 144 39
66 146 25
66 149 27
66 150 39
67 68 36
67 70 7
67 75 1
67 80 3
67 83 6
67 84 3
67 86 15
67 88 5
67 89 13
67 90 13
67 91 28
67 93 21
67 95 18
67 96 6
67 98 14
67 99 36
67 101 4
67 106 36
67 107 13
67 113 5
67 114 20
67 115 28
67 117 5
67 118 34
67 119 36
67 120 22
67 121 1
67 123 6
67 125 23
67 126 31
67 127 18
67 131 6
67 132 20
67 133 20
67 134 6
67 138 36
67 139 23
67 142 12
67 143 27
67 145 19
67 147 18
67 148 13
68 69 23
68 71 37
68 72 37
68 73 37
68 74 35
68 76 37
68 77 36
68 78 27
68 81 37
68 82 35
68 85 29
68 87 37
68 92 37
68 94 26
68 97 23
68 100 34
68 102 37
68 103 37
68 104 37
68 105 37
68 108 11
68 109 37
68 110 30
68 111 37
68 112 37
68 116 16
68 122 37
68 124 37
68 128 31
68 129 35
68 130 18
68 136 37
68 137 37
68 140 37
68 141 37
68 144 37
68 146 25
68 149 27
68 150 37
69 70 7
69 75 1
69 80 3
69 83 6
69 84 3
69 86 15
69 88 5
69 89 13
69 90 13
69 91 23
69 93 21
69 95 18
69 96 6
69 98 14
69 99 23
69 101 4
69 106 23
69 107 13
69 113 5
69 114 20
69 115 23
69 117 5
69 118 23
69 119 23
69 120 22
69 121 1
69 123 6
69 125 23
69 126 23
69 127 18
69 131 6
69 132 20
69 133 20
69 134 6
69 138 23
69 139 23
69 142 12
69 143 23
69 145 19
69 147 18
69 148 13
70 71 7
70 72 7
70 73 7
70 74 7
70 76 7
70 77 7
70 78 7
70 81 7
70 82 7
70 85 7
70 87 7
70 92 7
70 94 7
70 97 7
70 100 7
70 102 7
70 103 7
70 104 7
70 105 7
70 108 7
70 109 7
70 110 7
70 111 7
70 112 7
70 116 7
70 122 7
70 124 7
70 128 7
70 129 7
70 130 7
70 136 7
70 137 7
70 140 7
70 141 7
70 144 7
70 146 7
70 149 7
70 150 7
71 75 1
71 80 3
71 83 6
71 84 3
71 86 15
71 88 5
71 89 13
71 90 13
71 91 28
71 93 21
71 95 18
71 96 6
71 98 14
71 99 41
71 101 4
71 106 42
71 107 13
71 113 5
71 114 20
71 115 28
71 117 5
71 118 34
71 119 38
71 120 22
71 121 1
71 123 6
71 125 23
71 126 31
71 127 18
71 131 6
71 132 20
71 133 20
71 134 6
71 138 44
71 139 23
71 142 12
71 143 27
71 145 19
71 147 18
71 148 13
72 75 1
72 80 3
72 83 6
72 84 3
72 86 15
72 88 5
72 89 13
72 90 13
72 91 28
72 93 21
72 95 18
72 96 6
72 98 14
72 99 41
72 101 4
72 106 42
72 107 13
72 113 5
72 114 20
72 115 28
72 117 5
72 118 34
72 119 38
72 120 22
72 121 1
72 123 6
72 125 23
72 126 31
72 127 18
72 131 6
72 132 20
72 133 20
72 134 6
72 138 44
72 139 23
72 142 12
72 143 27
72 145 19
72 147 18
72 148 13
73 75 1
73 80 3
73 83 6
73 84 3
73 86 15
73 88 5
73 89 13
73 90 13
73 91 28
73 93 21
73 95 18
73 96 6
73 98 14
73 99 39
73 101 4
73 106 39
73 107 13
73 113 5
73 114 20
73 115 28
73 117 5
73 118 34
73 119 38
73 120 22
73 121 1
73 123 6
73 125 23
73 126 31
73 127 18
73 131 6
73 132 20
73 133 20
73 134 6
73 138 39
73 139 23
73 142 12
73 143 27
73 145 19
73 147 18
73 148 13
74 75 1
74 80 3
74 83 6
74 84 3
74 86 15
74 88 5
74 89 13
74 90 13
74 91 28
74 93 21
74 95 18
74 96 6
74 98 14
74 99 35
74 101 4
74 106 35
74 107 13
74 113 5
74 114 20
74 115 28
74 117 5
74 118 34
74 119 35
74 120 22
74 121 1
74 123 6
74 125 23
74 126 31
74 127 18
74 131 6
74 132 20
74 133 20
74 134 6
74 138 35
74 139 23
74 142 12
74 143 27
74 145 19
74 147 18
74 148 13
75 76 1
75 77 1
75 78 1
75 81 1
75 82 1
75 85 1
75 87 1
75 92 1
75 94 1
75 97 1
75 100 1
75 102 1
75 103 1
75 104 1
75 105 1
75 108 1
75 109 1
75 110 1
75 111 1
75 112 1
75 116 1
75 122 1
75 124 1
75 128 1
75 129 1
75 130 1
75 136 1
75 137 1
75 140 1
75 141 1
75 144 1
75 146 1
75 149 1
75 150 1
76 80 3
76 83 6
76 84 3
76 86 15
76 88 5
76 89 13
76 90 13
76 91 28
76 93 21
76 95 18
76 96 6
76 98 14
76 99 41
76 101 4
76 106 42
76 107 13
76 113 5
76 114 20
76 115 28
76 117 5
76 118 34
76 119 38
76 120 22
76 121 1
76 123 6
76 125 23
76 126 31
76 127 18
76 131 6
76 132 20
76 133 20
76 134 6
76 138 44
76 139 23
76 142 12
76 143 27
76 145 19
76 147 18
76 148 13
77 80 3
77 83 6
77 84 3
77 86 15
77 88 5
77 89 13
77 90 13
77 91 28
77 93 21
77 95 18
77 96 6
77 98 14
77 99 36
77 101 4
77 106 36
77 107 13
77 113 5
77 114 20
77 115 28
77 117 5
77 118 34
77 119 36
77 120 22
77 121 1
77 123 6
77 125 23
77 126 31
77 127 18
77 131 6
77 132 20
77 133 20
77 134 6
77 138 36
77 139 23
77 142 12
77 143 27
77 145 19
77 147 18
77 148 13
78 80 3
78 83 6
78 84 3
78 86 15
78 88 5
78 89 13
78 90 13
78 91 27
78 93 21
78 95 18
78 96 6
78 98 14
78 99 27
78 101 4
78 106 27
78 107 13
78 113 5
78 114 20
78 115 27
78 117 5
78 118 27
78 119 27
78 120 22
78 121 1
78 123 6
78 125 23
78 126 27
78 127 18
78 131 6
78 132 20
78 133 20
78 134 6
78 138 27
78 139 23
78 142 12
78 143 27
78 145 19
78 147 18
78 148 13
80 81 3
80 82 3
80 85 3
80 87 3
80 92 3
80 94 3
80 97 3
80 100 3
80 102 3
80 103 3
80 104 3
80 105 3
80 108 3
80 109 3
80 110 3
80 111 3
80 112 3
80 116 3
80 122 3
80 124 3
80 128 3
80 129 3
80 130 3
80 136 3
80 137 3
80 140 3
80 141 3
80 144 3
80 146 3
80 149 3
80 150 3
81 83 6
81 84 3
81 86 15
81 88 5
81 89 13
81 90 13
81 91 28
81 93 21
81 95 18
81 96 6
81 98 14
81 99 41
81 101 4
81 106 42
81 107 13
81 113 5
81 114 20
81 115 28
81 117 5
81 118 34
81 119 38
81 120 22
81 121 1
81 123 6
81 125 23
81 126 31
81 127 18
81 131 6
81 132 20
81 133 20
81 134 6
81 138 42
81 139 23
81 142 12
81 143 27
81 145 19
81 147 18
81 148 13
82 83 6
82 84 3
82 86 15
82 88 5
82 89 13
82 90 13
82 91 28
82 93 21
82 95 18
82 96 6
82 98 14
82 99 35
82 101 4
82 106 35
82 107 13
82 113 5
82 114 20
82 115 28
82 117 5
82 118 34
82 119 35
82 120 22
82 121 1
82 123 6
82 125 23
82 126 31
82 127 18
82 131 6
82 132 20
82 133 20
82 134 6
82 138 35
82 139 23
82 142 12
82 143 27
82 145 19
82 147 18
82 148 13
83 85 6
83 87 6
83 92 6
83 94 6
83 97 6
83 100 6
83 102 6
83 103 6
83 104 6
83 105 6
83 108 6
83 109 6
83 110 6
83 111 6
83 112 6
83 116 6
83 122 6
83 124 6
83 128 6
83 129 6
83 130 6
83 136 6
83 137 6
83 140 6
83 141 6
83 144 6
83 146 6
83 149 6
83 150 6
84 85 3
84 87 3
84 92 3
84 94 3
84 97 3
84 100 3
84 102 3
84 103 3
84 104 3
84 105 3
84 108 3
84 109 3
84 110 3
84 111 3
84 112 3
84 116 3
84 122 3
84 124 3
84 128 3
84 129 3
84 130 3
84 136 3
84 137 3
84 140 3
84 141 3
84 144 3
84 146 3
84 149 3
84 150 3
85 86 15
85 88 5
85 89 13
85 90 13
85 91 28
85 93 21
85 95 18
85 96 6
85 98 14
85 99 29
85 101 4
85 106 29
85 107 13
85 113 5
85 114 20
85 115 28
85 117 5
85 118 29
85 119 29
85 120 22
85 121 1
85 123 6
85 125 23
85 126 29
85 127 18
85 131 6
85 132 20
85 133 20
85 134 6
85 138 29
85 139 23
85 142 12
85 143 27
85 145 19
85 147 18
85 148 13
86 87 15
86 92 15
86 94 15
86 97 15
86 100 15
86 102 15
86 103 15
86 104 15
86 105 15
86 108 11
86 109 15
86 110 15
86 111 15
86 112 15
86 116 15
86 122 15
86 124 15
86 128 15
86 129 15
86 130 15
86 136 15
86 137 15
86 140 15
86 141 15
86 144 15
86 146 15
86 149 15
86 150 15
87 88 5
87 89 13
87 90 13
87 91 28
87 93 21
87 95 18
87 96 6
87 98 14
87 99 41
87 101 4
87 106 42
87 107 13
87 113 5
87 114 20
87 115 28
87 117 5
87 118 34
87 119 38
87 120 22
87 121 1
87 123 6
87 125 23
87 126 31
87 127 18
87 131 6
87 132 20
87 133 20
87 134 6
87 138 44
87 139 23
87 142 12
87 143 27
87 145 19
87 147 18
87 148 13
88 92 5
88 94 5
88 97 5
88 100 5
88 102 5
88 103 5
88 104 5
88 105 5
88 108 5
88 109 5
88 110 5
88 111 5
88 112 5
88 116 5
88 122 5
88 124 5
88 128 5
88 129 5
88 130 5
88 136 5
88 137 5
88 140 5
88 141 5
88 144 5
88 146 5
88 149 5
88 150 5
89 92 13
89 94 13
89 97 13
89 100 13
89 102 13
89 103 13
89 104 13
89 105 13
89 108 11
89 109 13
89 110 13
89 111 13
89 112 13
89 116 13
89 122 13
89 124 13
89 128 13
89 129 13
89 130 13
89 136 13
89 137 13
89 140 13
89 141 13
89 144 13
89 146 13
89 149 13
89 150 13
90 92 13
90 94 13
90 97 13
90 100 13
90 102 13
90 103 13
90 104 13
90 105 13
90 108 11
90 109 13
90 110 13
90 111 13
90 112 13
90 116 13
90 122 13
90 124 13
90 128 13
90 129 13
90 130 13
90 136 13
90 137 13
90 140 13
90 141 13
90 144 13
90 146 13
90 149 13
90 150 13
91 92 28
91 94 26
91 97 23
91 100 28
91 102 28
91 103 28
91 104 28
91 105 28
91 108 11
91 109 28
91 110 28
91 111 28
91 112 28
91 116 16
91 122 28
91 124 28
91 128 28
91 129 28
91 130 18
91 136 28
91 137 28
91 140 28
91 141 28
91 144 28
91 146 25
91 149 27
91 150 28
92 93 21
92 95 18
92 96 6
92 98 14
92 99 41
92 101 4
92 106 42
92 107 13
92 113 5
92 114 20
92 115 28
92 117 5
92 118 34
92 119 38
92 120 22
92 121 1
92 123 6
92 125 23
92 126 31
92 127 18
92 131 6
92 132 20
92 133 20
92 134 6
92 138 44
92 139 23
92 142 12
92 143 27
92 145 19
92 147 18
92 148 13
93 94 21
93 97 21
93 100 21
93 102 21
93 103 21
93 104 21
93 105 21
93 108 11
93 109 21
93 110 21
93 111 21
93 112 21
93 116 16
93 122 21
93 124 21
93 128 21
93 129 21
93 130 18
93 136 21
93 137 21
93 140 21
93 141 21
93 144 21
93 146 21
93 149 21
93 150 21
94 95 18
94 96 6
94 98 14
94 99 26
94 101 4
94 106 26
94 107 13
94 113 5
94 114 20
94 115 26
94 117 5
94 118 26
94 119 26
94 120 22
94 121 1
94 123 6
94 125 23
94 126 26
94 127 18
94 131 6
94 132 20
94 133 20
94 134 6
94 138 26
94 139 23
94 142 12
94 143 26
94 145 19
94 147 18
94 148 13
95 97 18
95 100 18
95 102 18
95 103 18
95 104 18
95 105 18
95 108 11
95 109 18
95 110 18
95 111 18
95 112 18
95 116 16
95 122 18
95 124 18
95 128 18
95 129 18
95 130 18
95 136 18
95 137 18
95 140 18
95 141 18
95 144 18
95 146 18
95 149 18
95 150 18
96 97 6
96 100 6
96 102 6
96 103 6
96 104 6
96 105 6
96 108 6
96 109 6
96 110 6
96 111 6
96 112 6
96 116 6
96 122 6
96 124 6
96 128 6
96 129 6
96 130 6
96 136 6
96 137 6
96 140 6
96 141 6
96 144 6
96 146 6
96 149 6
96 150 6
97 98 14
97 99 23
97 101 4
97 106 23
97 107 13
97 113 5
97 114 20
97 115 23
97 117 5
97 118 23
97 119 23
97 120 22
97 121 1
97 123 6
97 125 23
97 126 23
97 127 18
97 131 6
97 132 20
97 133 20
97 134 6
97 138 23
97 139 23
97 142 12
97 143 23
97 145 19
97 147 18
97 148 13
98 100 14
98 102 14
98 103 14
98 104 14
98 105 14
98 108 11
98 109 14
98 110 14
98 111 14
98 112 14
98 116 14
98 122 14
98 124 14
98 128 14
98 129 14
98 130 14
98 136 14
98 137 14
98 140 14
98 141 14
98 144 14
98 146 14
98 149 14
98 150 14
99 100 34
99 102 41
99 103 39
99 104 38
99 105 41
99 108 11
99 109 41
99 110 30
99 111 41
99 112 41
99 116 16
99 122 41
99 124 41
99 128 31
99 129 35
99 130 18
99 136 38
99 137 41
99 140 41
99 141 41
99 144 40
99 146 25
99 149 27
99 150 41
100 101 4
100 106 34
100 107 13
100 113 5
100 114 20
100 115 28
100 117 5
100 118 34
100 119 34
100 120 22
100 121 1
100 123 6
100 125 23
100 126 31
100 127 18
100 131 6
100 132 20
100 133 20
100 134 6
100 138 34
100 139 23
100 142 12
100 143 27
100 145 19
100 147 18
100 148 13
101 102 4
101 103 4
101 104 4
101 105 4
101 108 4
101 109 4
101 110 4
101 111 4
101 112 4
101 116 4
101 122 4
101 124 4
101 128 4
101 129 4
101 130 4
101 136 4
101 137 4
101 140 4
101 141 4
101 144 4
101 146 4
101 149 4
101 150 4
102 106 42
102 107 13
102 113 5
102 114 20
102 115 28
102 117 5
102 118 34
102 119 38
102 120 22
102 121 1
102 123 6
102 125 23
102 126 31
102 127 18
102 131 6
102 132 20
102 133 20
102 134 6
102 138 44
102 139 23
102 142 12
102 143 27
102 145 19
102 147 18
102 148 13
103 106 39
103 107 13
103 113 5
103 114 20
103 115 28
103 117 5
103 118 34
103 119 38
103 120 22
103 121 1
103 123 6
103 125 23
103 126 31
103 127 18
103 131 6
103 132 20
103 133 20
103 134 6
103 138 39
103 139 23
103 142 12
103 143 27
103 145 19
103 147 18
103 148 13
104 106 38
104 107 13
104 113 5
104 114 20
104 115 28
104 117 5
104 118 34
104 119 38
104 120 22
104 121 1
104 123 6
104 125 23
104 126 31
104 127 18
104 131 6
104 132 20
104 133 20
104 134 6
104 138 38
104 139 23
104 142 12
104 143 27
104 145 19
104 147 18
104 148 13
105 106 41
105 107 13
105 113 5
105 114 20
105 115 28
105 117 5
105 118 34
105 119 38
105 120 22
105 121 1
105 123 6
105 125 23
105 126 31
105 127 18
105 131 6
105 132 20
105 133 20
105 134 6
105 138 41
105 139 23
105 142 12
105 143 27
105 145 19
105 147 18
105 148 13
106 108 11
106 109 41
106 110 30
106 111 42
106 112 42
106 116 16
106 122 42
106 124 42
106 128 31
106 129 35
106 130 18
106 136 38
106 137 42
106 140 42
106 141 42
106 144 40
106 146 25
106 149 27
106 150 42
107 108 11
107 109 13
107 110 13
107 111 13
107 112 13
107 116 13
107 122 13
107 124 13
107 128 13
107 129 13
107 130 13
107 136 13
107 137 13
107 140 13
107 141 13
107 144 13
107 146 13
107 149 13
107 150 13
108 113 5
108 114 11
108 115 11
108 117 5
108 118 11
108 119 11
108 120 11
108 121 1
108 123 6
108 125 11
108 126 11
108 127 11
108 131 6
108 132 11
108 133 11
108 134 6
108 138 11
108 139 11
108 142 11
108 143 11
108 145 11
108 147 11
108 148 11
109 113 5
109 114 20
109 115 28
109 117 5
109 118 34
109 119 38
109 120 22
109 121 1
109 123 6
109 125 23
109 126 31
109 127 18
109 131 6
109 132 20
109 133 20
109 134 6
109 138 41
109 139 23
109 142 12
109 143 27
109 145 19
109 147 18
109 148 13
110 113 5
110 114 20
110 115 28
110 117 5
110 118 30
110 119 30
110 120 22
110 121 1
110 123 6
110 125 23
110 126 30
110 127 18
110 131 6
110 132 20
110 133 20
110 134 6
110 138 30
110 139 23
110 142 12
110 143 27
110 145 19
110 147 18
110 148 13
111 113 5
111 114 20
111 115 28
111 117 5
111 118 34
111 119 38
111 120 22
111 121 1
111 123 6
111 125 23
111 126 31
111 127 18
111 131 6
111 132 20
111 133 20
111 134 6
111 138 42
111 139 23
111 142 12
111 143 27
111 145 19
111 147 18
111 148 13
112 113 5
112 114 20
112 115 28
112 117 5
112 118 34
112 119 38
112 120 22
112 121 1
112 123 6
112 125 23
112 126 31
112 127 18
112 131 6
112 132 20
112 133 20
112 134 6
112 138 44
112 139 23
112 142 12
112 143 27
112 145 19
112 147 18
112 148 13
113 116 5
113 122 5
113 124 5
113 128 5
113 129 5
113 130 5
113 136 5
113 137 5
113 140 5
113 141 5
113 144 5
113 146 5
113 149 5
113 150 5
114 116 16
114 122 20
114 124 20
114 128 20
114 129 20
114 130 18
114 136 20
114 137 20
114 140 20
114 141 20
114 144 20
114 146 20
114 149 20
114 150 20
115 116 16
115 122 28
115 124 28
115 128 28
115 129 28
115 130 18
115 136 28
115 137 28
115 140 28
115 141 28
115 144 28
115 146 25
115 149 27
115 150 28
116 117 5
116 118 16
116 119 16
116 120 16
116 121 1
116 123 6
116 125 16
116 126 16
116 127 16
116 131 6
116 132 16
116 133 16
116 134 6
116 138 16
116 139 16
116 142 12
116 143 16
116 145 16
116 147 16
116 148 13
117 122 5
117 124 5
117 128 5
117 129 5
117 130 5
117 136 5
117 137 5
117 140 5
117 141 5
117 144 5
117 146 5
117 149 5
117 150 5
118 122 34
118 124 34
118 128 31
118 129 34
118 130 18
118 136 34
118 137 34
118 140 34
118 141 34
118 144 34
118 146 25
118 149 27
118 150 34
119 122 38
119 124 38
119 128 31
119 129 35
119 130 18
119 136 38
119 137 38
119 140 38
119 141 38
119 144 38
119 146 25
119 149 27
119 150 38
120 122 22
120 124 22
120 128 22
120 129 22
120 130 18
120 136 22
120 137 22
120 140 22
120 141 22
120 144 22
120 146 22
120 149 22
120 150 22
121 122 1
121 124 1
121 128 1
121 129 1
121 130 1
121 136 1
121 137 1
121 140 1
121 141 1
121 144 1
121 146 1
121 149 1
121 150 1
122 123 6
122 125 23
122 126 31
122 127 18
122 131 6
122 132 20
122 133 20
122 134 6
122 138 44
122 139 23
122 142 12
122 143 27
122 145 19
122 147 18
122 148 13
123 124 6
123 128 6
123 129 6
123 130 6
123 136 6
123 137 6
123 140 6
123 141 6
123 144 6
123 146 6
123 149 6
123 150 6
124 125 23
124 126 31
124 127 18
124 131 6
124 132 20
124 133 20
124 134 6
124 138 44
124 139 23
124 142 12
124 143 27
124 145 19
124 147 18
124 148 13
125 128 23
125 129 23
125 130 18
125 136 23
125 137 23
125 140 23
125 141 23
125 144 23
125 146 23
125 149 23
125 150 23
126 128 31
126 129 31
126 130 18
126 136 31
126 137 31
126 140 31
126 141 31
126 144 31
126 146 25
126 149 27
126 150 31
127 128 18
127 129 18
127 130 18
127 136 18
127 137 18
127 140 18
127 141 18
127 144 18
127 146 18
127 149 18
127 150 18
128 131 6
128 132 20
128 133 20
128 134 6
128 138 31
128 139 23
128 142 12
128 143 27
128 145 19
128 147 18
128 148 13
129 131 6
129 132 20
129 133 20
129 134 6
129 138 35
129 139 23
129 142 12
129 143 27
129 145 19
129 147 18
129 148 13
130 131 6
130 132 18
130 133 18
130 134 6
130 138 18
130 139 18
130 142 12
130 143 18
130 145 18
130 147 18
130 148 13
131 136 6
131 137 6
131 140 6
131 141 6
131 144 6
131 146 6
131 149 6
131 150 6
132 136 20
132 137 20
132 140 20
132 141 20
132 144 20
132 146 20
132 149 20
132 150 20
133 136 20
133 137 20
133 140 20
133 141 20
133 144 20
133 146 20
133 149 20
133 150 20
134 136 6
134 137 6
134 140 6
134 141 6
134 144 6
134 146 6
134 149 6
134 150 6
136 138 38
136 139 23
136 142 12
136 143 27
136 145 19
136 147 18
136 148 13
137 138 44
137 139 23
137 142 12
137 143 27
137 145 19
137 147 18
137 148 13
138 140 44
138 141 44
138 144 40
138 146 25
138 149 27
138 150 44
139 140 23
139 141 23
139 144 23
139 146 23
139 149 23
139 150 23
140 142 12
140 143 27
140 145 19
140 147 18
140 148 13
141 142 12
141 143 27
141 145 19
141 147 18
141 148 13
142 144 12
142 146 12
142 149 12
142 150 12
143 144 27
143 146 25
143 149 27
143 150 27
144 145 19
144 147 18
144 148 13
145 146 19
145 149 19
145 150 19
146 147 18
146 148 13
147 149 18
147 150 18
148 149 13
148 150 13
