200 8976
18 7
40 34
26 11
8 28
39 26
2 33
15 10
19 11
3 19
28 22
38 27
18 37
3 19
27 7
9 10
3 18
8 34
11 25
4 19
12 2
4 5
34 10
14 12
20 8
31 39
29 20
17 7
16 19
25 3
25 25
4 19
2 3
12 13
28 7
23 31
9 18
36 34
27 1
38 39
9 20
29 37
39 6
35 14
16 19
8 33
35 3
11 37
38 15
1 25
21 23
15 21
40 2
15 18
3 12
8 11
23 37
39 21
2 34
26 9
4 26
1 39
20 12
35 17
18 35
1 38
9 8
19 40
9 33
17 3
36 25
13 18
21 12
30 14
37 15
22 40
40 15
30 12
18 24
28 35
10 21
32 10
20 2
9 28
34 26
31 21
2 35
30 14
38 19
27 34
26 40
26 17
6 15
28 23
31 16
17 32
28 1
2 7
2 2
26 28
27 8
8 20
35 38
33 32
8 19
18 33
11 35
10 16
9 37
31 31
4 7
15 31
39 8
29 1
9 15
20 28
14 27
7 8
16 40
32 16
10 9
8 12
35 9
20 35
6 10
26 1
8 32
24 7
39 12
39 7
18 18
26 24
36 33
31 4
24 14
19 25
14 18
37 8
27 8
3 24
17 20
24 24
11 7
22 1
11 20
7 20
29 25
3 25
17 34
28 32
39 38
16 13
15 4
20 1
11 22
24 27
33 40
3 3
6 24
3 8
36 2
28 24
26 30
8 34
15 27
25 14
24 40
26 39
36 37
31 6
11 7
25 3
6 27
6 3
2 40
11 37
33 38
13 18
19 20
11 34
39 27
39 14
19 16
12 14
12 35
19 22
1 3
17 38
21 14
40 23
13 10
19 6
39 31
15 10
3 18
35 33
4 33
6 22
8 10
35 11
4 6
1 4 4
1 6 1
1 9 1
1 12 9
1 13 1
1 15 4
1 16 1
1 17 4
1 18 5
1 19 2
1 21 2
1 25 9
1 28 8
1 31 2
1 32 1
1 33 6
1 35 9
1 36 4
1 39 9
1 40 4
1 41 9
1 44 8
1 45 4
1 47 5
1 50 9
1 51 7
1 53 7
1 54 1
1 55 4
1 56 9
1 58 1
1 60 2
1 64 9
1 67 9
1 68 4
1 71 6
1 75 9
1 78 9
1 79 9
1 80 5
1 83 4
1 86 1
1 89 9
1 90 9
1 92 3
1 95 8
1 97 1
1 99 9
1 101 4
1 102 9
1 104 4
1 105 9
1 106 5
1 107 5
1 108 4
1 110 2
1 111 7
1 114 4
1 115 9
1 116 7
1 117 3
1 118 8
1 121 4
1 123 9
1 124 3
1 126 4
1 135 9
1 136 7
1 139 1
1 140 8
1 144 5
1 145 3
1 147 1
1 148 8
1 149 9
1 154 5
1 155 9
1 156 9
1 158 3
1 159 1
1 162 9
1 163 4
1 164 7
1 166 9
1 167 9
1 168 9
1 172 3
1 174 1
1 175 5
1 176 9
1 177 6
1 178 9
1 179 5
1 183 6
1 184 6
1 185 9
1 187 8
1 194 1
1 196 2
1 197 3
1 198 4
1 200 2
2 4 4
2 6 1
2 9 1
2 12 9
2 13 1
2 15 4
2 16 1
2 17 4
2 18 5
2 19 2
2 21 2
2 25 15
2 28 8
2 31 2
2 32 1
2 33 6
2 35 11
2 36 4
2 39 19
2 40 4
2 41 14
2 44 8
2 45 4
2 47 5
2 50 10
2 51 7
2 53 7
2 54 1
2 55 4
2 56 11
2 58 1
2 60 2
2 64 9
2 67 9
2 68 4
2 71 6
2 75 11
2 78 9
2 79 14
2 80 5
2 83 4
2 86 1
2 89 13
2 90 13
2 92 3
2 95 8
2 97 1
2 99 13
2 101 4
2 102 17
2 104 4
2 105 9
2 106 5
2 107 5
2 108 4
2 110 2
2 111 7
2 114 4
2 115 10
2 116 7
2 117 3
2 118 8
2 121 4
2 123 10
2 124 3
2 126 4
2 135 9
2 136 7
2 139 1
2 140 8
2 144 5
2 145 3
2 147 1
2 148 8
2 149 14
2 154 5
2 155 12
2 156 16
2 158 3
2 159 1
2 162 13
2 163 4
2 164 7
2 166 12
2 167 13
2 168 18
2 172 3
2 174 1
2 175 5
2 176 16
2 177 6
2 178 9
2 179 5
2 183 6
2 184 6
2 185 9
2 187 8
2 194 1
2 196 2
2 197 3
2 198 4
2 200 2
3 4 4
3 6 1
3 9 1
3 12 9
3 13 1
3 15 4
3 16 1
3 17 4
3 18 5
3 19 2
3 21 2
3 25 13
3 28 8
3 31 2
3 32 1
3 33 6
3 35 11
3 36 4
3 39 13
3 40 4
3 41 13
3 44 8
3 45 4
3 47 5
3 50 10
3 51 7
3 53 7
3 54 1
3 55 4
3 56 11
3 58 1
3 60 2
3 64 9
3 67 9
3 68 4
3 71 6
3 75 11
3 78 9
3 79 13
3 80 5
3 83 4
3 86 1
3 89 13
3 90 13
3 92 3
3 95 8
3 97 1
3 99 13
3 101 4
3 102 13
3 104 4
3 105 9
3 106 5
3 107 5
3 108 4
3 110 2
3 111 7
3 114 4
3 115 10
3 116 7
3 117 3
3 118 8
3 121 4
3 123 10
3 124 3
3 126 4
3 135 9
3 136 7
3 139 1
3 140 8
3 144 5
3 145 3
3 147 1
3 148 8
3 149 13
3 154 5
3 155 12
3 156 13
3 158 3
3 159 1
3 162 13
3 163 4
3 164 7
3 166 12
3 167 13
3 168 13
3 172 3
3 174 1
3 175 5
3 176 13
3 177 6
3 178 9
3 179 5
3 183 6
3 184 6
3 185 9
3 187 8
3 194 1
3 196 2
3 197 3
3 198 4
3 200 2
4 5 4
4 7 4
4 8 4
4 10 4
4 11 4
4 14 4
4 20 4
4 22 4
4 23 4
4 24 4
4 26 4
4 27 4
4 29 4
4 34 4
4 37 4
4 38 4
4 42 4
4 43 4
4 46 4
4 48 4
4 52 4
4 57 4
4 59 4
4 62 4
4 63 4
4 66 4
4 69 4
4 70 4
4 72 4
4 73 4
4 74 4
4 76 4
4 77 4
4 81 4
4 82 4
4 84 4
4 85 4
4 87 4
4 88 4
4 91 4
4 93 4
4 94 4
4 96 4
4 100 4
4 103 4
4 112 4
4 113 4
4 119 4
4 120 4
4 122 4
4 125 4
4 127 4
4 128 4
4 129 4
4 131 4
4 132 4
4 133 4
4 134 4
4 137 4
4 138 4
4 142 4
4 143 4
4 146 4
4 150 4
4 151 4
4 152 4
4 153 4
4 160 4
4 161 4
4 165 4
4 169 4
4 170 4
4 171 4
4 173 3
4 180 4
4 181 4
4 182 4
4 188 4
4 189 4
4 190 4
4 191 4
4 192 4
4 193 4
4 195 4
4 199 4
5 6 1
5 9 1
5 12 9
5 13 1
5 15 4
5 16 1
5 17 4
5 18 5
5 19 2
5 21 2
5 25 15
5 28 8
5 31 2
5 32 1
5 33 6
5 35 11
5 36 4
5 39 19
5 40 4
5 41 14
5 44 8
5 45 4
5 47 5
5 50 10
5 51 7
5 53 7
5 54 1
5 55 4
5 56 11
5 58 1
5 60 2
5 64 9
5 67 9
5 68 4
5 71 6
5 75 11
5 78 9
5 79 14
5 80 5
5 83 4
5 86 1
5 89 13
5 90 13
5 92 3
5 95 8
5 97 1
5 99 13
5 101 4
5 102 17
5 104 4
5 105 9
5 106 5
5 107 5
5 108 4
5 110 2
5 111 7
5 114 4
5 115 10
5 116 7
5 117 3
5 118 8
5 121 4
5 123 10
5 124 3
5 126 4
5 135 9
5 136 7
5 139 1
5 140 8
5 144 5
5 145 3
5 147 1
5 148 8
5 149 14
5 154 5
5 155 12
5 156 16
5 158 3
5 159 1
5 162 13
5 163 4
5 164 7
5 166 12
5 167 13
5 168 18
5 172 3
5 174 1
5 175 5
5 176 16
5 177 6
5 178 9
5 179 5
5 183 6
5 184 6
5 185 9
5 187 8
5 194 1
5 196 2
5 197 3
5 198 4
5 200 2
6 7 1
6 8 1
6 10 1
6 11 1
6 14 1
6 20 1
6 22 1
6 23 1
6 24 1
6 26 1
6 27 1
6 29 1
6 34 1
6 37 1
6 38 1
6 42 1
6 43 1
6 46 1
6 48 1
6 52 1
6 57 1
6 59 1
6 62 1
6 63 1
6 66 1
6 69 1
6 70 1
6 72 1
6 73 1
6 74 1
6 76 1
6 77 1
6 81 1
6 82 1
6 84 1
6 85 1
6 87 1
6 88 1
6 91 1
6 93 1
6 94 1
6 96 1
6 100 1
6 103 1
6 112 1
6 113 1
6 119 1
6 120 1
6 122 1
6 125 1
6 127 1
6 128 1
6 129 1
6 131 1
6 132 1
6 133 1
6 134 1
6 137 1
6 138 1
6 142 1
6 143 1
6 146 1
6 150 1
6 151 1
6 152 1
6 153 1
6 160 1
6 161 1
6 165 1
6 169 1
6 170 1
6 171 1
6 173 1
6 180 1
6 181 1
6 182 1
6 188 1
6 189 1
6 190 1
6 191 1
6 192 1
6 193 1
6 195 1
6 199 1
7 9 1
7 12 7
7 13 1
7 15 4
7 16 1
7 17 4
7 18 5
7 19 2
7 21 2
7 25 7
7 28 7
7 31 2
7 32 1
7 33 6
7 35 7
7 36 4
7 39 7
7 40 4
7 41 7
7 44 7
7 45 4
7 47 5
7 50 7
7 51 7
7 53 7
7 54 1
7 55 4
7 56 7
7 58 1
7 60 2
7 64 7
7 67 7
7 68 4
7 71 6
7 75 7
7 78 7
7 79 7
7 80 5
7 83 4
7 86 1
7 89 7
7 90 7
7 92 3
7 95 7
7 97 1
7 99 7
7 101 4
7 102 7
7 104 4
7 105 7
7 106 5
7 107 5
7 108 4
7 110 2
7 111 7
7 114 4
7 115 7
7 116 7
7 117 3
7 118 7
7 121 4
7 123 7
7 124 3
7 126 4
7 135 7
7 136 7
7 139 1
7 140 7
7 144 5
7 145 3
7 147 1
7 148 7
7 149 7
7 154 5
7 155 7
7 156 7
7 158 3
7 159 1
7 162 7
7 163 4
7 164 7
7 166 7
7 167 7
7 168 7
7 172 3
7 174 1
7 175 5
7 176 7
7 177 6
7 178 7
7 179 5
7 183 6
7 184 6
7 185 7
7 187 7
7 194 1
7 196 2
7 197 3
7 198 4
7 200 2
8 9 1
8 12 9
8 13 1
8 15 4
8 16 1
8 17 4
8 18 5
8 19 2
8 21 2
8 25 9
8 28 8
8 31 2
8 32 1
8 33 6
8 35 9
8 36 4
8 39 9
8 40 4
8 41 9
8 44 8
8 45 4
8 47 5
8 50 9
8 51 7
8 53 7
8 54 1
8 55 4
8 56 9
8 58 1
8 60 2
8 64 9
8 67 9
8 68 4
8 71 6
8 75 9
8 78 9
8 79 9
8 80 5
8 83 4
8 86 1
8 89 9
8 90 9
8 92 3
8 95 8
8 97 1
8 99 9
8 101 4
8 102 9
8 104 4
8 105 9
8 106 5
8 107 5
8 108 4
8 110 2
8 111 7
8 114 4
8 115 9
8 116 7
8 117 3
8 118 8
8 121 4
8 123 9
8 124 3
8 126 4
8 135 9
8 136 7
8 139 1
8 140 8
8 144 5
8 145 3
8 147 1
8 148 8
8 149 9
8 154 5
8 155 9
8 156 9
8 158 3
8 159 1
8 162 9
8 163 4
8 164 7
8 166 9
8 167 9
8 168 9
8 172 3
8 174 1
8 175 5
8 176 9
8 177 6
8 178 9
8 179 5
8 183 6
8 184 6
8 185 9
8 187 8
8 194 1
8 196 2
8 197 3
8 198 4
8 200 2
9 10 1
9 11 1
9 14 1
9 20 1
9 22 1
9 23 1
9 24 1
9 26 1
9 27 1
9 29 1
9 34 1
9 37 1
9 38 1
9 42 1
9 43 1
9 46 1
9 48 1
9 52 1
9 57 1
9 59 1
9 62 1
9 63 1
9 66 1
9 69 1
9 70 1
9 72 1
9 73 1
9 74 1
9 76 1
9 77 1
9 81 1
9 82 1
9 84 1
9 85 1
9 87 1
9 88 1
9 91 1
9 93 1
9 94 1
9 96 1
9 100 1
9 103 1
9 112 1
9 113 1
9 119 1
9 120 1
9 122 1
9 125 1
9 127 1
9 128 1
9 129 1
9 131 1
9 132 1
9 133 1
9 134 1
9 137 1
9 138 1
9 142 1
9 143 1
9 146 1
9 150 1
9 151 1
9 152 1
9 153 1
9 160 1
9 161 1
9 165 1
9 169 1
9 170 1
9 171 1
9 173 1
9 180 1
9 181 1
9 182 1
9 188 1
9 189 1
9 190 1
9 191 1
9 192 1
9 193 1
9 195 1
9 199 1
10 12 9
10 13 1
10 15 4
10 16 1
10 17 4
10 18 5
10 19 2
10 21 2
10 25 14
10 28 8
10 31 2
10 32 1
10 33 6
10 35 11
10 36 4
10 39 14
10 40 4
10 41 14
10 44 8
10 45 4
10 47 5
10 50 10
10 51 7
10 53 7
10 54 1
10 55 4
10 56 11
10 58 1
10 60 2
10 64 9
10 67 9
10 68 4
10 71 6
10 75 11
10 78 9
10 79 14
10 80 5
10 83 4
10 86 1
10 89 13
10 90 13
10 92 3
10 95 8
10 97 1
10 99 13
10 101 4
10 102 14
10 104 4
10 105 9
10 106 5
10 107 5
10 108 4
10 110 2
10 111 7
10 114 4
10 115 10
10 116 7
10 117 3
10 118 8
10 121 4
10 123 10
10 124 3
10 126 4
10 135 9
10 136 7
10 139 1
10 140 8
10 144 5
10 145 3
10 147 1
10 148 8
10 149 14
10 154 5
10 155 12
10 156 14
10 158 3
10 159 1
10 162 13
10 163 4
10 164 7
10 166 12
10 167 13
10 168 14
10 172 3
10 174 1
10 175 5
10 176 14
10 177 6
10 178 9
10 179 5
10 183 6
10 184 6
10 185 9
10 187 8
10 194 1
10 196 2
10 197 3
10 198 4
10 200 2
11 12 9
11 13 1
11 15 4
11 16 1
11 17 4
11 18 5
11 19 2
11 21 2
11 25 15
11 28 8
11 31 2
11 32 1
11 33 6
11 35 11
11 36 4
11 39 19
11 40 4
11 41 14
11 44 8
11 45 4
11 47 5
11 50 10
11 51 7
11 53 7
11 54 1
11 55 4
11 56 11
11 58 1
11 60 2
11 64 9
11 67 9
11 68 4
11 71 6
11 75 11
11 78 9
11 79 14
11 80 5
11 83 4
11 86 1
11 89 13
11 90 13
11 92 3
11 95 8
11 97 1
11 99 13
11 101 4
11 102 17
11 104 4
11 105 9
11 106 5
11 107 5
11 108 4
11 110 2
11 111 7
11 114 4
11 115 10
11 116 7
11 117 3
11 118 8
11 121 4
11 123 10
11 124 3
11 126 4
11 135 9
11 136 7
11 139 1
11 140 8
11 144 5
11 145 3
11 147 1
11 148 8
11 149 14
11 154 5
11 155 12
11 156 16
11 158 3
11 159 1
11 162 13
11 163 4
11 164 7
11 166 12
11 167 13
11 168 18
11 172 3
11 174 1
11 175 5
11 176 16
11 177 6
11 178 9
11 179 5
11 183 6
11 184 6
11 185 9
11 187 8
11 194 1
11 196 2
11 197 3
11 198 4
11 200 2
12 14 9
12 20 6
12 22 9
12 23 7
12 24 9
12 26 9
12 27 8
12 29 9
12 34 9
12 37 9
12 38 9
12 42 9
12 43 9
12 46 9
12 48 9
12 52 9
12 57 9
12 59 9
12 62 9
12 63 9
12 66 4
12 69 8
12 70 9
12 72 9
12 73 9
12 74 9
12 76 9
12 77 9
12 81 9
12 82 9
12 84 9
12 85 9
12 87 9
12 88 9
12 91 9
12 93 9
12 94 9
12 96 9
12 100 9
12 103 9
12 112 9
12 113 9
12 119 9
12 120 5
12 122 9
12 125 9
12 127 9
12 128 9
12 129 9
12 131 9
12 132 9
12 133 9
12 134 9
12 137 9
12 138 9
12 142 5
12 143 9
12 146 9
12 150 9
12 151 8
12 152 7
12 153 9
12 160 9
12 161 9
12 165 9
12 169 9
12 170 5
12 171 9
12 173 3
12 180 9
12 181 9
12 182 9
12 188 9
12 189 9
12 190 6
12 191 9
12 192 9
12 193 7
12 195 9
12 199 9
13 14 1
13 20 1
13 22 1
13 23 1
13 24 1
13 26 1
13 27 1
13 29 1
13 34 1
13 37 1
13 38 1
13 42 1
13 43 1
13 46 1
13 48 1
13 52 1
13 57 1
13 59 1
13 62 1
13 63 1
13 66 1
13 69 1
13 70 1
13 72 1
13 73 1
13 74 1
13 76 1
13 77 1
13 81 1
13 82 1
13 84 1
13 85 1
13 87 1
13 88 1
13 91 1
13 93 1
13 94 1
13 96 1
13 100 1
13 103 1
13 112 1
13 113 1
13 119 1
13 120 1
13 122 1
13 125 1
13 127 1
13 128 1
13 129 1
13 131 1
13 132 1
13 133 1
13 134 1
13 137 1
13 138 1
13 142 1
13 143 1
13 146 1
13 150 1
13 151 1
13 152 1
13 153 1
13 160 1
13 161 1
13 165 1
13 169 1
13 170 1
13 171 1
13 173 1
13 180 1
13 181 1
13 182 1
13 188 1
13 189 1
13 190 1
13 191 1
13 192 1
13 193 1
13 195 1
13 199 1
14 15 4
14 16 1
14 17 4
14 18 5
14 19 2
14 21 2
14 25 13
14 28 8
14 31 2
14 32 1
14 33 6
14 35 11
14 36 4
14 39 13
14 40 4
14 41 13
14 44 8
14 45 4
14 47 5
14 50 10
14 51 7
14 53 7
14 54 1
14 55 4
14 56 11
14 58 1
14 60 2
14 64 9
14 67 9
14 68 4
14 71 6
14 75 11
14 78 9
14 79 13
14 80 5
14 83 4
14 86 1
14 89 13
14 90 13
14 92 3
14 95 8
14 97 1
14 99 13
14 101 4
14 102 13
14 104 4
14 105 9
14 106 5
14 107 5
14 108 4
14 110 2
14 111 7
14 114 4
14 115 10
14 116 7
14 117 3
14 118 8
14 121 4
14 123 10
14 124 3
14 126 4
14 135 9
14 136 7
14 139 1
14 140 8
14 144 5
14 145 3
14 147 1
14 148 8
14 149 13
14 154 5
14 155 12
14 156 13
14 158 3
14 159 1
14 162 13
14 163 4
14 164 7
14 166 12
14 167 13
14 168 13
14 172 3
14 174 1
14 175 5
14 176 13
14 177 6
14 178 9
14 179 5
14 183 6
14 184 6
14 185 9
14 187 8
14 194 1
14 196 2
14 197 3
14 198 4
14 200 2
15 20 4
15 22 4
15 23 4
15 24 4
15 26 4
15 27 4
15 29 4
15 34 4
15 37 4
15 38 4
15 42 4
15 43 4
15 46 4
15 48 4
15 52 4
15 57 4
15 59 4
15 62 4
15 63 4
15 66 4
15 69 4
15 70 4
15 72 4
15 73 4
15 74 4
15 76 4
15 77 4
15 81 4
15 82 4
15 84 4
15 85 4
15 87 4
15 88 4
15 91 4
15 93 4
15 94 4
15 96 4
15 100 4
15 103 4
15 112 4
15 113 4
15 119 4
15 120 4
15 122 4
15 125 4
15 127 4
15 128 4
15 129 4
15 131 4
15 132 4
15 133 4
15 134 4
15 137 4
15 138 4
15 142 4
15 143 4
15 146 4
15 150 4
15 151 4
15 152 4
15 153 4
15 160 4
15 161 4
15 165 4
15 169 4
15 170 4
15 171 4
15 173 3
15 180 4
15 181 4
15 182 4
15 188 4
15 189 4
15 190 4
15 191 4
15 192 4
15 193 4
15 195 4
15 199 4
16 20 1
16 22 1
16 23 1
16 24 1
16 26 1
16 27 1
16 29 1
16 34 1
16 37 1
16 38 1
16 42 1
16 43 1
16 46 1
16 48 1
16 52 1
16 57 1
16 59 1
16 62 1
16 63 1
16 66 1
16 69 1
16 70 1
16 72 1
16 73 1
16 74 1
16 76 1
16 77 1
16 81 1
16 82 1
16 84 1
16 85 1
16 87 1
16 88 1
16 91 1
16 93 1
16 94 1
16 96 1
16 100 1
16 103 1
16 112 1
16 113 1
16 119 1
16 120 1
16 122 1
16 125 1
16 127 1
16 128 1
16 129 1
16 131 1
16 132 1
16 133 1
16 134 1
16 137 1
16 138 1
16 142 1
16 143 1
16 146 1
16 150 1
16 151 1
16 152 1
16 153 1
16 160 1
16 161 1
16 165 1
16 169 1
16 170 1
16 171 1
16 173 1
16 180 1
16 181 1
16 182 1
16 188 1
16 189 1
16 190 1
16 191 1
16 192 1
16 193 1
16 195 1
16 199 1
17 20 4
17 22 4
17 23 4
17 24 4
17 26 4
17 27 4
17 29 4
17 34 4
17 37 4
17 38 4
17 42 4
17 43 4
17 46 4
17 48 4
17 52 4
17 57 4
17 59 4
17 62 4
17 63 4
17 66 4
17 69 4
17 70 4
17 72 4
17 73 4
17 74 4
17 76 4
17 77 4
17 81 4
17 82 4
17 84 4
17 85 4
17 87 4
17 88 4
17 91 4
17 93 4
17 94 4
17 96 4
17 100 4
17 103 4
17 112 4
17 113 4
17 119 4
17 120 4
17 122 4
17 125 4
17 127 4
17 128 4
17 129 4
17 131 4
17 132 4
17 133 4
17 134 4
17 137 4
17 138 4
17 142 4
17 143 4
17 146 4
17 150 4
17 151 4
17 152 4
17 153 4
17 160 4
17 161 4
17 165 4
17 169 4
17 170 4
17 171 4
17 173 3
17 180 4
17 181 4
17 182 4
17 188 4
17 189 4
17 190 4
17 191 4
17 192 4
17 193 4
17 195 4
17 199 4
18 20 5
18 22 5
18 23 5
18 24 5
18 26 5
18 27 5
18 29 5
18 34 5
18 37 5
18 38 5
18 42 5
18 43 5
18 46 5
18 48 5
18 52 5
18 57 5
18 59 5
18 62 5
18 63 5
18 66 4
18 69 5
18 70 5
18 72 5
18 73 5
18 74 5
18 76 5
18 77 5
18 81 5
18 82 5
18 84 5
18 85 5
18 87 5
18 88 5
18 91 5
18 93 5
18 94 5
18 96 5
18 100 5
18 103 5
18 112 5
18 113 5
18 119 5
18 120 5
18 122 5
18 125 5
18 127 5
18 128 5
18 129 5
18 131 5
18 132 5
18 133 5
18 134 5
18 137 5
18 138 5
18 142 5
18 143 5
18 146 5
18 150 5
18 151 5
18 152 5
18 153 5
18 160 5
18 161 5
18 165 5
18 169 5
18 170 5
18 171 5
18 173 3
18 180 5
18 181 5
18 182 5
18 188 5
18 189 5
18 190 5
18 191 5
18 192 5
18 193 5
18 195 5
18 199 5
19 20 2
19 22 2
19 23 2
19 24 2
19 26 2
19 27 2
19 29 2
19 34 2
19 37 2
19 38 2
19 42 2
19 43 2
19 46 2
19 48 2
19 52 2
19 57 2
19 59 2
19 62 2
19 63 2
19 66 2
19 69 2
19 70 2
19 72 2
19 73 2
19 74 2
19 76 2
19 77 2
19 81 2
19 82 2
19 84 2
19 85 2
19 87 2
19 88 2
19 91 2
19 93 2
19 94 2
19 96 2
19 100 2
19 103 2
19 112 2
19 113 2
19 119 2
19 120 2
19 122 2
19 125 2
19 127 2
19 128 2
19 129 2
19 131 2
19 132 2
19 133 2
19 134 2
19 137 2
19 138 2
19 142 2
19 143 2
19 146 2
19 150 2
19 151 2
19 152 2
19 153 2
19 160 2
19 161 2
19 165 2
19 169 2
19 170 2
19 171 2
19 173 2
19 180 2
19 181 2
19 182 2
19 188 2
19 189 2
19 190 2
19 191 2
19 192 2
19 193 2
19 195 2
19 199 2
20 21 2
20 25 6
20 28 6
20 31 2
20 32 1
20 33 6
20 35 6
20 36 4
20 39 6
20 40 4
20 41 6
20 44 6
20 45 4
20 47 5
20 50 6
20 51 6
20 53 6
20 54 1
20 55 4
20 56 6
20 58 1
20 60 2
20 64 6
20 67 6
20 68 4
20 71 6
20 75 6
20 78 6
20 79 6
20 80 5
20 83 4
20 86 1
20 89 6
20 90 6
20 92 3
20 95 6
20 97 1
20 99 6
20 101 4
20 102 6
20 104 4
20 105 6
20 106 5
20 107 5
20 108 4
20 110 2
20 111 6
20 114 4
20 115 6
20 116 6
20 117 3
20 118 6
20 121 4
20 123 6
20 124 3
20 126 4
20 135 6
20 136 6
20 139 1
20 140 6
20 144 5
20 145 3
20 147 1
20 148 6
20 149 6
20 154 5
20 155 6
20 156 6
20 158 3
20 159 1
20 162 6
20 163 4
20 164 6
20 166 6
20 167 6
20 168 6
20 172 3
20 174 1
20 175 5
20 176 6
20 177 6
20 178 6
20 179 5
20 183 6
20 184 6
20 185 6
20 187 6
20 194 1
20 196 2
20 197 3
20 198 4
20 200 2
21 22 2
21 23 2
21 24 2
21 26 2
21 27 2
21 29 2
21 34 2
21 37 2
21 38 2
21 42 2
21 43 2
21 46 2
21 48 2
21 52 2
21 57 2
21 59 2
21 62 2
21 63 2
21 66 2
21 69 2
21 70 2
21 72 2
21 73 2
21 74 2
21 76 2
21 77 2
21 81 2
21 82 2
21 84 2
21 85 2
21 87 2
21 88 2
21 91 2
21 93 2
21 94 2
21 96 2
21 100 2
21 103 2
21 112 2
21 113 2
21 119 2
21 120 2
21 122 2
21 125 2
21 127 2
21 128 2
21 129 2
21 131 2
21 132 2
21 133 2
21 134 2
21 137 2
21 138 2
21 142 2
21 143 2
21 146 2
21 150 2
21 151 2
21 152 2
21 153 2
21 160 2
21 161 2
21 165 2
21 169 2
21 170 2
21 171 2
21 173 2
21 180 2
21 181 2
21 182 2
21 188 2
21 189 2
21 190 2
21 191 2
21 192 2
21 193 2
21 195 2
21 199 2
22 25 15
22 28 8
22 31 2
22 32 1
22 33 6
22 35 11
22 36 4
22 39 17
22 40 4
22 41 14
22 44 8
22 45 4
22 47 5
22 50 10
22 51 7
22 53 7
22 54 1
22 55 4
22 56 11
22 58 1
22 60 2
22 64 9
22 67 9
22 68 4
22 71 6
22 75 11
22 78 9
22 79 14
22 80 5
22 83 4
22 86 1
22 89 13
22 90 13
22 92 3
22 95 8
22 97 1
22 99 13
22 101 4
22 102 17
22 104 4
22 105 9
22 106 5
22 107 5
22 108 4
22 110 2
22 111 7
22 114 4
22 115 10
22 116 7
22 117 3
22 118 8
22 121 4
22 123 10
22 124 3
22 126 4
22 135 9
22 136 7
22 139 1
22 140 8
22 144 5
22 145 3
22 147 1
22 148 8
22 149 14
22 154 5
22 155 12
22 156 16
22 158 3
22 159 1
22 162 13
22 163 4
22 164 7
22 166 12
22 167 13
22 168 17
22 172 3
22 174 1
22 175 5
22 176 16
22 177 6
22 178 9
22 179 5
22 183 6
22 184 6
22 185 9
22 187 8
22 194 1
22 196 2
22 197 3
22 198 4
22 200 2
23 25 7
23 28 7
23 31 2
23 32 1
23 33 6
23 35 7
23 36 4
23 39 7
23 40 4
23 41 7
23 44 7
23 45 4
23 47 5
23 50 7
23 51 7
23 53 7
23 54 1
23 55 4
23 56 7
23 58 1
23 60 2
23 64 7
23 67 7
23 68 4
23 71 6
23 75 7
23 78 7
23 79 7
23 80 5
23 83 4
23 86 1
23 89 7
23 90 7
23 92 3
23 95 7
23 97 1
23 99 7
23 101 4
23 102 7
23 104 4
23 105 7
23 106 5
23 107 5
23 108 4
23 110 2
23 111 7
23 114 4
23 115 7
23 116 7
23 117 3
23 118 7
23 121 4
23 123 7
23 124 3
23 126 4
23 135 7
23 136 7
23 139 1
23 140 7
23 144 5
23 145 3
23 147 1
23 148 7
23 149 7
23 154 5
23 155 7
23 156 7
23 158 3
23 159 1
23 162 7
23 163 4
23 164 7
23 166 7
23 167 7
23 168 7
23 172 3
23 174 1
23 175 5
23 176 7
23 177 6
23 178 7
23 179 5
23 183 6
23 184 6
23 185 7
23 187 7
23 194 1
23 196 2
23 197 3
23 198 4
23 200 2
24 25 10
24 28 8
24 31 2
24 32 1
24 33 6
24 35 10
24 36 4
24 39 10
24 40 4
24 41 10
24 44 8
24 45 4
24 47 5
24 50 10
24 51 7
24 53 7
24 54 1
24 55 4
24 56 10
24 58 1
24 60 2
24 64 9
24 67 9
24 68 4
24 71 6
24 75 10
24 78 9
24 79 10
24 80 5
24 83 4
24 86 1
24 89 10
24 90 10
24 92 3
24 95 8
24 97 1
24 99 10
24 101 4
24 102 10
24 104 4
24 105 9
24 106 5
24 107 5
24 108 4
24 110 2
24 111 7
24 114 4
24 115 10
24 116 7
24 117 3
24 118 8
24 121 4
24 123 10
24 124 3
24 126 4
24 135 9
24 136 7
24 139 1
24 140 8
24 144 5
24 145 3
24 147 1
24 148 8
24 149 10
24 154 5
24 155 10
24 156 10
24 158 3
24 159 1
24 162 10
24 163 4
24 164 7
24 166 10
24 167 10
24 168 10
24 172 3
24 174 1
24 175 5
24 176 10
24 177 6
24 178 9
24 179 5
24 183 6
24 184 6
24 185 9
24 187 8
24 194 1
24 196 2
24 197 3
24 198 4
24 200 2
25 26 14
25 27 8
25 29 12
25 34 14
25 37 15
25 38 13
25 42 15
25 43 15
25 46 15
25 48 15
25 52 15
25 57 15
25 59 13
25 62 10
25 63 15
25 66 4
25 69 8
25 70 15
25 72 10
25 73 15
25 74 15
25 76 15
25 77 15
25 81 15
25 82 10
25 84 15
25 85 15
25 87 15
25 88 15
25 91 13
25 93 14
25 94 15
25 96 14
25 100 13
25 103 15
25 112 15
25 113 14
25 119 15
25 120 5
25 122 15
25 125 13
25 127 12
25 128 15
25 129 15
25 131 13
25 132 15
25 133 15
25 134 12
25 137 15
25 138 13
25 142 5
25 143 11
25 146 14
25 150 15
25 151 8
25 152 7
25 153 10
25 160 15
25 161 14
25 165 12
25 169 15
25 170 5
25 171 12
25 173 3
25 180 15
25 181 15
25 182 9
25 188 10
25 189 15
25 190 6
25 191 9
25 192 15
25 193 7
25 195 15
25 199 15
26 28 8
26 31 2
26 32 1
26 33 6
26 35 11
26 36 4
26 39 14
26 40 4
26 41 14
26 44 8
26 45 4
26 47 5
26 50 10
26 51 7
26 53 7
26 54 1
26 55 4
26 56 11
26 58 1
26 60 2
26 64 9
26 67 9
26 68 4
26 71 6
26 75 11
26 78 9
26 79 14
26 80 5
26 83 4
26 86 1
26 89 13
26 90 13
26 92 3
26 95 8
26 97 1
26 99 13
26 101 4
26 102 14
26 104 4
26 105 9
26 106 5
26 107 5
26 108 4
26 110 2
26 111 7
26 114 4
26 115 10
26 116 7
26 117 3
26 118 8
26 121 4
26 123 10
26 124 3
26 126 4
26 135 9
26 136 7
26 139 1
26 140 8
26 144 5
26 145 3
26 147 1
26 148 8
26 149 14
26 154 5
26 155 12
26 156 14
26 158 3
26 159 1
26 162 13
26 163 4
26 164 7
26 166 12
26 167 13
26 168 14
26 172 3
26 174 1
26 175 5
26 176 14
26 177 6
26 178 9
26 179 5
26 183 6
26 184 6
26 185 9
26 187 8
26 194 1
26 196 2
26 197 3
26 198 4
26 200 2
27 28 8
27 31 2
27 32 1
27 33 6
27 35 8
27 36 4
27 39 8
27 40 4
27 41 8
27 44 8
27 45 4
27 47 5
27 50 8
27 51 7
27 53 7
27 54 1
27 55 4
27 56 8
27 58 1
27 60 2
27 64 8
27 67 8
27 68 4
27 71 6
27 75 8
27 78 8
27 79 8
27 80 5
27 83 4
27 86 1
27 89 8
27 90 8
27 92 3
27 95 8
27 97 1
27 99 8
27 101 4
27 102 8
27 104 4
27 105 8
27 106 5
27 107 5
27 108 4
27 110 2
27 111 7
27 114 4
27 115 8
27 116 7
27 117 3
27 118 8
27 121 4
27 123 8
27 124 3
27 126 4
27 135 8
27 136 7
27 139 1
27 140 8
27 144 5
27 145 3
27 147 1
27 148 8
27 149 8
27 154 5
27 155 8
27 156 8
27 158 3
27 159 1
27 162 8
27 163 4
27 164 7
27 166 8
27 167 8
27 168 8
27 172 3
27 174 1
27 175 5
27 176 8
27 177 6
27 178 8
27 179 5
27 183 6
27 184 6
27 185 8
27 187 8
27 194 1
27 196 2
27 197 3
27 198 4
27 200 2
28 29 8
28 34 8
28 37 8
28 38 8
28 42 8
28 43 8
28 46 8
28 48 8
28 52 8
28 57 8
28 59 8
28 62 8
28 63 8
28 66 4
28 69 8
28 70 8
28 72 8
28 73 8
28 74 8
28 76 8
28 77 8
28 81 8
28 82 8
28 84 8
28 85 8
28 87 8
28 88 8
28 91 8
28 93 8
28 94 8
28 96 8
28 100 8
28 103 8
28 112 8
28 113 8
28 119 8
28 120 5
28 122 8
28 125 8
28 127 8
28 128 8
28 129 8
28 131 8
28 132 8
28 133 8
28 134 8
28 137 8
28 138 8
28 142 5
28 143 8
28 146 8
28 150 8
28 151 8
28 152 7
28 153 8
28 160 8
28 161 8
28 165 8
28 169 8
28 170 5
28 171 8
28 173 3
28 180 8
28 181 8
28 182 8
28 188 8
28 189 8
28 190 6
28 191 8
28 192 8
28 193 7
28 195 8
28 199 8
29 31 2
29 32 1
29 33 6
29 35 11
29 36 4
29 39 12
29 40 4
29 41 12
29 44 8
29 45 4
29 47 5
29 50 10
29 51 7
29 53 7
29 54 1
29 55 4
29 56 11
29 58 1
29 60 2
29 64 9
29 67 9
29 68 4
29 71 6
29 75 11
29 78 9
29 79 12
29 80 5
29 83 4
29 86 1
29 89 12
29 90 12
29 92 3
29 95 8
29 97 1
29 99 12
29 101 4
29 102 12
29 104 4
29 105 9
29 106 5
29 107 5
29 108 4
29 110 2
29 111 7
29 114 4
29 115 10
29 116 7
29 117 3
29 118 8
29 121 4
29 123 10
29 124 3
29 126 4
29 135 9
29 136 7
29 139 1
29 140 8
29 144 5
29 145 3
29 147 1
29 148 8
29 149 12
29 154 5
29 155 12
29 156 12
29 158 3
29 159 1
29 162 12
29 163 4
29 164 7
29 166 12
29 167 12
29 168 12
29 172 3
29 174 1
29 175 5
29 176 12
29 177 6
29 178 9
29 179 5
29 183 6
29 184 6
29 185 9
29 187 8
29 194 1
29 196 2
29 197 3
29 198 4
29 200 2
31 34 2
31 37 2
31 38 2
31 42 2
31 43 2
31 46 2
31 48 2
31 52 2
31 57 2
31 59 2
31 62 2
31 63 2
31 66 2
31 69 2
31 70 2
31 72 2
31 73 2
31 74 2
31 76 2
31 77 2
31 81 2
31 82 2
31 84 2
31 85 2
31 87 2
31 88 2
31 91 2
31 93 2
31 94 2
31 96 2
31 100 2
31 103 2
31 112 2
31 113 2
31 119 2
31 120 2
31 122 2
31 125 2
31 127 2
31 128 2
31 129 2
31 131 2
31 132 2
31 133 2
31 134 2
31 137 2
31 138 2
31 142 2
31 143 2
31 146 2
31 150 2
31 151 2
31 152 2
31 153 2
31 160 2
31 161 2
31 165 2
31 169 2
31 170 2
31 171 2
31 173 2
31 180 2
31 181 2
31 182 2
31 188 2
31 189 2
31 190 2
31 191 2
31 192 2
31 193 2
31 195 2
31 199 2
32 34 1
32 37 1
32 38 1
32 42 1
32 43 1
32 46 1
32 48 1
32 52 1
32 57 1
32 59 1
32 62 1
32 63 1
32 66 1
32 69 1
32 70 1
32 72 1
32 73 1
32 74 1
32 76 1
32 77 1
32 81 1
32 82 1
32 84 1
32 85 1
32 87 1
32 88 1
32 91 1
32 93 1
32 94 1
32 96 1
32 100 1
32 103 1
32 112 1
32 113 1
32 119 1
32 120 1
32 122 1
32 125 1
32 127 1
32 128 1
32 129 1
32 131 1
32 132 1
32 133 1
32 134 1
32 137 1
32 138 1
32 142 1
32 143 1
32 146 1
32 150 1
32 151 1
32 152 1
32 153 1
32 160 1
32 161 1
32 165 1
32 169 1
32 170 1
32 171 1
32 173 1
32 180 1
32 181 1
32 182 1
32 188 1
32 189 1
32 190 1
32 191 1
32 192 1
32 193 1
32 195 1
32 199 1
33 34 6
33 37 6
33 38 6
33 42 6
33 43 6
33 46 6
33 48 6
33 52 6
33 57 6
33 59 6
33 62 6
33 63 6
33 66 4
33 69 6
33 70 6
33 72 6
33 73 6
33 74 6
33 76 6
33 77 6
33 81 6
33 82 6
33 84 6
33 85 6
33 87 6
33 88 6
33 91 6
33 93 6
33 94 6
33 96 6
33 100 6
33 103 6
33 112 6
33 113 6
33 119 6
33 120 5
33 122 6
33 125 6
33 127 6
33 128 6
33 129 6
33 131 6
33 132 6
33 133 6
33 134 6
33 137 6
33 138 6
33 142 5
33 143 6
33 146 6
33 150 6
33 151 6
33 152 6
33 153 6
33 160 6
33 161 6
33 165 6
33 169 6
33 170 5
33 171 6
33 173 3
33 180 6
33 181 6
33 182 6
33 188 6
33 189 6
33 190 6
33 191 6
33 192 6
33 193 6
33 195 6
33 199 6
34 35 11
34 36 4
34 39 14
34 40 4
34 41 14
34 44 8
34 45 4
34 47 5
34 50 10
34 51 7
34 53 7
34 54 1
34 55 4
34 56 11
34 58 1
34 60 2
34 64 9
34 67 9
34 68 4
34 71 6
34 75 11
34 78 9
34 79 14
34 80 5
34 83 4
34 86 1
34 89 13
34 90 13
34 92 3
34 95 8
34 97 1
34 99 13
34 101 4
34 102 14
34 104 4
34 105 9
34 106 5
34 107 5
34 108 4
34 110 2
34 111 7
34 114 4
34 115 10
34 116 7
34 117 3
34 118 8
34 121 4
34 123 10
34 124 3
34 126 4
34 135 9
34 136 7
34 139 1
34 140 8
34 144 5
34 145 3
34 147 1
34 148 8
34 149 14
34 154 5
34 155 12
34 156 14
34 158 3
34 159 1
34 162 13
34 163 4
34 164 7
34 166 12
34 167 13
34 168 14
34 172 3
34 174 1
34 175 5
34 176 14
34 177 6
34 178 9
34 179 5
34 183 6
34 184 6
34 185 9
34 187 8
34 194 1
34 196 2
34 197 3
34 198 4
34 200 2
35 37 11
35 38 11
35 42 11
35 43 11
35 46 11
35 48 11
35 52 11
35 57 11
35 59 11
35 62 10
35 63 11
35 66 4
35 69 8
35 70 11
35 72 10
35 73 11
35 74 11
35 76 11
35 77 11
35 81 11
35 82 10
35 84 11
35 85 11
35 87 11
35 88 11
35 91 11
35 93 11
35 94 11
35 96 11
35 100 11
35 103 11
35 112 11
35 113 11
35 119 11
35 120 5
35 122 11
35 125 11
35 127 11
35 128 11
35 129 11
35 131 11
35 132 11
35 133 11
35 134 11
35 137 11
35 138 11
35 142 5
35 143 11
35 146 11
35 150 11
35 151 8
35 152 7
35 153 10
35 160 11
35 161 11
35 165 11
35 169 11
35 170 5
35 171 11
35 173 3
35 180 11
35 181 11
35 182 9
35 188 10
35 189 11
35 190 6
35 191 9
35 192 11
35 193 7
35 195 11
35 199 11
36 37 4
36 38 4
36 42 4
36 43 4
36 46 4
36 48 4
36 52 4
36 57 4
36 59 4
36 62 4
36 63 4
36 66 4
36 69 4
36 70 4
36 72 4
36 73 4
36 74 4
36 76 4
36 77 4
36 81 4
36 82 4
36 84 4
36 85 4
36 87 4
36 88 4
36 91 4
36 93 4
36 94 4
36 96 4
36 100 4
36 103 4
36 112 4
36 113 4
36 119 4
36 120 4
36 122 4
36 125 4
36 127 4
36 128 4
36 129 4
36 131 4
36 132 4
36 133 4
36 134 4
36 137 4
36 138 4
36 142 4
36 143 4
36 146 4
36 150 4
36 151 4
36 152 4
36 153 4
36 160 4
36 161 4
36 165 4
36 169 4
36 170 4
36 171 4
36 173 3
36 180 4
36 181 4
36 182 4
36 188 4
36 189 4
36 190 4
36 191 4
36 192 4
36 193 4
36 195 4
36 199 4
37 39 18
37 40 4
37 41 14
37 44 8
37 45 4
37 47 5
37 50 10
37 51 7
37 53 7
37 54 1
37 55 4
37 56 11
37 58 1
37 60 2
37 64 9
37 67 9
37 68 4
37 71 6
37 75 11
37 78 9
37 79 14
37 80 5
37 83 4
37 86 1
37 89 13
37 90 13
37 92 3
37 95 8
37 97 1
37 99 13
37 101 4
37 102 17
37 104 4
37 105 9
37 106 5
37 107 5
37 108 4
37 110 2
37 111 7
37 114 4
37 115 10
37 116 7
37 117 3
37 118 8
37 121 4
37 123 10
37 124 3
37 126 4
37 135 9
37 136 7
37 139 1
37 140 8
37 144 5
37 145 3
37 147 1
37 148 8
37 149 14
37 154 5
37 155 12
37 156 16
37 158 3
37 159 1
37 162 13
37 163 4
37 164 7
37 166 12
37 167 13
37 168 18
37 172 3
37 174 1
37 175 5
37 176 16
37 177 6
37 178 9
37 179 5
37 183 6
37 184 6
37 185 9
37 187 8
37 194 1
37 196 2
37 197 3
37 198 4
37 200 2
38 39 13
38 40 4
38 41 13
38 44 8
38 45 4
38 47 5
38 50 10
38 51 7
38 53 7
38 54 1
38 55 4
38 56 11
38 58 1
38 60 2
38 64 9
38 67 9
38 68 4
38 71 6
38 75 11
38 78 9
38 79 13
38 80 5
38 83 4
38 86 1
38 89 13
38 90 13
38 92 3
38 95 8
38 97 1
38 99 13
38 101 4
38 102 13
38 104 4
38 105 9
38 106 5
38 107 5
38 108 4
38 110 2
38 111 7
38 114 4
38 115 10
38 116 7
38 117 3
38 118 8
38 121 4
38 123 10
38 124 3
38 126 4
38 135 9
38 136 7
38 139 1
38 140 8
38 144 5
38 145 3
38 147 1
38 148 8
38 149 13
38 154 5
38 155 12
38 156 13
38 158 3
38 159 1
38 162 13
38 163 4
38 164 7
38 166 12
38 167 13
38 168 13
38 172 3
38 174 1
38 175 5
38 176 13
38 177 6
38 178 9
38 179 5
38 183 6
38 184 6
38 185 9
38 187 8
38 194 1
38 196 2
38 197 3
38 198 4
38 200 2
39 42 19
39 43 17
39 46 17
39 48 19
39 52 19
39 57 19
39 59 13
39 62 10
39 63 17
39 66 4
39 69 8
39 70 18
39 72 10
39 73 15
39 74 18
39 76 19
39 77 15
39 81 16
39 82 10
39 84 17
39 85 15
39 87 15
39 88 19
39 91 13
39 93 14
39 94 15
39 96 14
39 100 13
39 103 16
39 112 19
39 113 14
39 119 16
39 120 5
39 122 17
39 125 13
39 127 12
39 128 19
39 129 19
39 131 13
39 132 18
39 133 15
39 134 12
39 137 18
39 138 13
39 142 5
39 143 11
39 146 14
39 150 19
39 151 8
39 152 7
39 153 10
39 160 18
39 161 14
39 165 12
39 169 15
39 170 5
39 171 12
39 173 3
39 180 19
39 181 19
39 182 9
39 188 10
39 189 19
39 190 6
39 191 9
39 192 19
39 193 7
39 195 17
39 199 17
40 42 4
40 43 4
40 46 4
40 48 4
40 52 4
40 57 4
40 59 4
40 62 4
40 63 4
40 66 4
40 69 4
40 70 4
40 72 4
40 73 4
40 74 4
40 76 4
40 77 4
40 81 4
40 82 4
40 84 4
40 85 4
40 87 4
40 88 4
40 91 4
40 93 4
40 94 4
40 96 4
40 100 4
40 103 4
40 112 4
40 113 4
40 119 4
40 120 4
40 122 4
40 125 4
40 127 4
40 128 4
40 129 4
40 131 4
40 132 4
40 133 4
40 134 4
40 137 4
40 138 4
40 142 4
40 143 4
40 146 4
40 150 4
40 151 4
40 152 4
40 153 4
40 160 4
40 161 4
40 165 4
40 169 4
40 170 4
40 171 4
40 173 3
40 180 4
40 181 4
40 182 4
40 188 4
40 189 4
40 190 4
40 191 4
40 192 4
40 193 4
40 195 4
40 199 4
41 42 14
41 43 14
41 46 14
41 48 14
41 52 14
41 57 14
41 59 13
41 62 10
41 63 14
41 66 4
41 69 8
41 70 14
41 72 10
41 73 14
41 74 14
41 76 14
41 77 14
41 81 14
41 82 10
41 84 14
41 85 14
41 87 14
41 88 14
41 91 13
41 93 14
41 94 14
41 96 14
41 100 13
41 103 14
41 112 14
41 113 14
41 119 14
41 120 5
41 122 14
41 125 13
41 127 12
41 128 14
41 129 14
41 131 13
41 132 14
41 133 14
41 134 12
41 137 14
41 138 13
41 142 5
41 143 11
41 146 14
41 150 14
41 151 8
41 152 7
41 153 10
41 160 14
41 161 14
41 165 12
41 169 14
41 170 5
41 171 12
41 173 3
41 180 14
41 181 14
41 182 9
41 188 10
41 189 14
41 190 6
41 191 9
41 192 14
41 193 7
41 195 14
41 199 14
42 44 8
42 45 4
42 47 5
42 50 10
42 51 7
42 53 7
42 54 1
42 55 4
42 56 11
42 58 1
42 60 2
42 64 9
42 67 9
42 68 4
42 71 6
42 75 11
42 78 9
42 79 14
42 80 5
42 83 4
42 86 1
42 89 13
42 90 13
42 92 3
42 95 8
42 97 1
42 99 13
42 101 4
42 102 17
42 104 4
42 105 9
42 106 5
42 107 5
42 108 4
42 110 2
42 111 7
42 114 4
42 115 10
42 116 7
42 117 3
42 118 8
42 121 4
42 123 10
42 124 3
42 126 4
42 135 9
42 136 7
42 139 1
42 140 8
42 144 5
42 145 3
42 147 1
42 148 8
42 149 14
42 154 5
42 155 12
42 156 16
42 158 3
42 159 1
42 162 13
42 163 4
42 164 7
42 166 12
42 167 13
42 168 18
42 172 3
42 174 1
42 175 5
42 176 16
42 177 6
42 178 9
42 179 5
42 183 6
42 184 6
42 185 9
42 187 8
42 194 1
42 196 2
42 197 3
42 198 4
42 200 2
43 44 8
43 45 4
43 47 5
43 50 10
43 51 7
43 53 7
43 54 1
43 55 4
43 56 11
43 58 1
43 60 2
43 64 9
43 67 9
43 68 4
43 71 6
43 75 11
43 78 9
43 79 14
43 80 5
43 83 4
43 86 1
43 89 13
43 90 13
43 92 3
43 95 8
43 97 1
43 99 13
43 101 4
43 102 17
43 104 4
43 105 9
43 106 5
43 107 5
43 108 4
43 110 2
43 111 7
43 114 4
43 115 10
43 116 7
43 117 3
43 118 8
43 121 4
43 123 10
43 124 3
43 126 4
43 135 9
43 136 7
43 139 1
43 140 8
43 144 5
43 145 3
43 147 1
43 148 8
43 149 14
43 154 5
43 155 12
43 156 16
43 158 3
43 159 1
43 162 13
43 163 4
43 164 7
43 166 12
43 167 13
43 168 17
43 172 3
43 174 1
43 175 5
43 176 16
43 177 6
43 178 9
43 179 5
43 183 6
43 184 6
43 185 9
43 187 8
43 194 1
43 196 2
43 197 3
43 198 4
43 200 2
44 46 8
44 48 8
44 52 8
44 57 8
44 59 8
44 62 8
44 63 8
44 66 4
44 69 8
44 70 8
44 72 8
44 73 8
44 74 8
44 76 8
44 77 8
44 81 8
44 82 8
44 84 8
44 85 8
44 87 8
44 88 8
44 91 8
44 93 8
44 94 8
44 96 8
44 100 8
44 103 8
44 112 8
44 113 8
44 119 8
44 120 5
44 122 8
44 125 8
44 127 8
44 128 8
44 129 8
44 131 8
44 132 8
44 133 8
44 134 8
44 137 8
44 138 8
44 142 5
44 143 8
44 146 8
44 150 8
44 151 8
44 152 7
44 153 8
44 160 8
44 161 8
44 165 8
44 169 8
44 170 5
44 171 8
44 173 3
44 180 8
44 181 8
44 182 8
44 188 8
44 189 8
44 190 6
44 191 8
44 192 8
44 193 7
44 195 8
44 199 8
45 46 4
45 48 4
45 52 4
45 57 4
45 59 4
45 62 4
45 63 4
45 66 4
45 69 4
45 70 4
45 72 4
45 73 4
45 74 4
45 76 4
45 77 4
45 81 4
45 82 4
45 84 4
45 85 4
45 87 4
45 88 4
45 91 4
45 93 4
45 94 4
45 96 4
45 100 4
45 103 4
45 112 4
45 113 4
45 119 4
45 120 4
45 122 4
45 125 4
45 127 4
45 128 4
45 129 4
45 131 4
45 132 4
45 133 4
45 134 4
45 137 4
45 138 4
45 142 4
45 143 4
45 146 4
45 150 4
45 151 4
45 152 4
45 153 4
45 160 4
45 161 4
45 165 4
45 169 4
45 170 4
45 171 4
45 173 3
45 180 4
45 181 4
45 182 4
45 188 4
45 189 4
45 190 4
45 191 4
45 192 4
45 193 4
45 195 4
45 199 4
46 47 5
46 50 10
46 51 7
46 53 7
46 54 1
46 55 4
46 56 11
46 58 1
46 60 2
46 64 9
46 67 9
46 68 4
46 71 6
46 75 11
46 78 9
46 79 14
46 80 5
46 83 4
46 86 1
46 89 13
46 90 13
46 92 3
46 95 8
46 97 1
46 99 13
46 101 4
46 102 17
46 104 4
46 105 9
46 106 5
46 107 5
46 108 4
46 110 2
46 111 7
46 114 4
46 115 10
46 116 7
46 117 3
46 118 8
46 121 4
46 123 10
46 124 3
46 126 4
46 135 9
46 136 7
46 139 1
46 140 8
46 144 5
46 145 3
46 147 1
46 148 8
46 149 14
46 154 5
46 155 12
46 156 16
46 158 3
46 159 1
46 162 13
46 163 4
46 164 7
46 166 12
46 167 13
46 168 17
46 172 3
46 174 1
46 175 5
46 176 16
46 177 6
46 178 9
46 179 5
46 183 6
46 184 6
46 185 9
46 187 8
46 194 1
46 196 2
46 197 3
46 198 4
46 200 2
47 48 5
47 52 5
47 57 5
47 59 5
47 62 5
47 63 5
47 66 4
47 69 5
47 70 5
47 72 5
47 73 5
47 74 5
47 76 5
47 77 5
47 81 5
47 82 5
47 84 5
47 85 5
47 87 5
47 88 5
47 91 5
47 93 5
47 94 5
47 96 5
47 100 5
47 103 5
47 112 5
47 113 5
47 119 5
47 120 5
47 122 5
47 125 5
47 127 5
47 128 5
47 129 5
47 131 5
47 132 5
47 133 5
47 134 5
47 137 5
47 138 5
47 142 5
47 143 5
47 146 5
47 150 5
47 151 5
47 152 5
47 153 5
47 160 5
47 161 5
47 165 5
47 169 5
47 170 5
47 171 5
47 173 3
47 180 5
47 181 5
47 182 5
47 188 5
47 189 5
47 190 5
47 191 5
47 192 5
47 193 5
47 195 5
47 199 5
48 50 10
48 51 7
48 53 7
48 54 1
48 55 4
48 56 11
48 58 1
48 60 2
48 64 9
48 67 9
48 68 4
48 71 6
48 75 11
48 78 9
48 79 14
48 80 5
48 83 4
48 86 1
48 89 13
48 90 13
48 92 3
48 95 8
48 97 1
48 99 13
48 101 4
48 102 17
48 104 4
48 105 9
48 106 5
48 107 5
48 108 4
48 110 2
48 111 7
48 114 4
48 115 10
48 116 7
48 117 3
48 118 8
48 121 4
48 123 10
48 124 3
48 126 4
48 135 9
48 136 7
48 139 1
48 140 8
48 144 5
48 145 3
48 147 1
48 148 8
48 149 14
48 154 5
48 155 12
48 156 16
48 158 3
48 159 1
48 162 13
48 163 4
48 164 7
48 166 12
48 167 13
48 168 18
48 172 3
48 174 1
48 175 5
48 176 16
48 177 6
48 178 9
48 179 5
48 183 6
48 184 6
48 185 9
48 187 8
48 194 1
48 196 2
48 197 3
48 198 4
48 200 2
50 52 10
50 57 10
50 59 10
50 62 10
50 63 10
50 66 4
50 69 8
50 70 10
50 72 10
50 73 10
50 74 10
50 76 10
50 77 10
50 81 10
50 82 10
50 84 10
50 85 10
50 87 10
50 88 10
50 91 10
50 93 10
50 94 10
50 96 10
50 100 10
50 103 10
50 112 10
50 113 10
50 119 10
50 120 5
50 122 10
50 125 10
50 127 10
50 128 10
50 129 10
50 131 10
50 132 10
50 133 10
50 134 10
50 137 10
50 138 10
50 142 5
50 143 10
50 146 10
50 150 10
50 151 8
50 152 7
50 153 10
50 160 10
50 161 10
50 165 10
50 169 10
50 170 5
50 171 10
50 173 3
50 180 10
50 181 10
50 182 9
50 188 10
50 189 10
50 190 6
50 191 9
50 192 10
50 193 7
50 195 10
50 199 10
51 52 7
51 57 7
51 59 7
51 62 7
51 63 7
51 66 4
51 69 7
51 70 7
51 72 7
51 73 7
51 74 7
51 76 7
51 77 7
51 81 7
51 82 7
51 84 7
51 85 7
51 87 7
51 88 7
51 91 7
51 93 7
51 94 7
51 96 7
51 100 7
51 103 7
51 112 7
51 113 7
51 119 7
51 120 5
51 122 7
51 125 7
51 127 7
51 128 7
51 129 7
51 131 7
51 132 7
51 133 7
51 134 7
51 137 7
51 138 7
51 142 5
51 143 7
51 146 7
51 150 7
51 151 7
51 152 7
51 153 7
51 160 7
51 161 7
51 165 7
51 169 7
51 170 5
51 171 7
51 173 3
51 180 7
51 181 7
51 182 7
51 188 7
51 189 7
51 190 6
51 191 7
51 192 7
51 193 7
51 195 7
51 199 7
52 53 7
52 54 1
52 55 4
52 56 11
52 58 1
52 60 2
52 64 9
52 67 9
52 68 4
52 71 6
52 75 11
52 78 9
52 79 14
52 80 5
52 83 4
52 86 1
52 89 13
52 90 13
52 92 3
52 95 8
52 97 1
52 99 13
52 101 4
52 102 17
52 104 4
52 105 9
52 106 5
52 107 5
52 108 4
52 110 2
52 111 7
52 114 4
52 115 10
52 116 7
52 117 3
52 118 8
52 121 4
52 123 10
52 124 3
52 126 4
52 135 9
52 136 7
52 139 1
52 140 8
52 144 5
52 145 3
52 147 1
52 148 8
52 149 14
52 154 5
52 155 12
52 156 16
52 158 3
52 159 1
52 162 13
52 163 4
52 164 7
52 166 12
52 167 13
52 168 18
52 172 3
52 174 1
52 175 5
52 176 16
52 177 6
52 178 9
52 179 5
52 183 6
52 184 6
52 185 9
52 187 8
52 194 1
52 196 2
52 197 3
52 198 4
52 200 2
53 57 7
53 59 7
53 62 7
53 63 7
53 66 4
53 69 7
53 70 7
53 72 7
53 73 7
53 74 7
53 76 7
53 77 7
53 81 7
53 82 7
53 84 7
53 85 7
53 87 7
53 88 7
53 91 7
53 93 7
53 94 7
53 96 7
53 100 7
53 103 7
53 112 7
53 113 7
53 119 7
53 120 5
53 122 7
53 125 7
53 127 7
53 128 7
53 129 7
53 131 7
53 132 7
53 133 7
53 134 7
53 137 7
53 138 7
53 142 5
53 143 7
53 146 7
53 150 7
53 151 7
53 152 7
53 153 7
53 160 7
53 161 7
53 165 7
53 169 7
53 170 5
53 171 7
53 173 3
53 180 7
53 181 7
53 182 7
53 188 7
53 189 7
53 190 6
53 191 7
53 192 7
53 193 7
53 195 7
53 199 7
54 57 1
54 59 1
54 62 1
54 63 1
54 66 1
54 69 1
54 70 1
54 72 1
54 73 1
54 74 1
54 76 1
54 77 1
54 81 1
54 82 1
54 84 1
54 85 1
54 87 1
54 88 1
54 91 1
54 93 1
54 94 1
54 96 1
54 100 1
54 103 1
54 112 1
54 113 1
54 119 1
54 120 1
54 122 1
54 125 1
54 127 1
54 128 1
54 129 1
54 131 1
54 132 1
54 133 1
54 134 1
54 137 1
54 138 1
54 142 1
54 143 1
54 146 1
54 150 1
54 151 1
54 152 1
54 153 1
54 160 1
54 161 1
54 165 1
54 169 1
54 170 1
54 171 1
54 173 1
54 180 1
54 181 1
54 182 1
54 188 1
54 189 1
54 190 1
54 191 1
54 192 1
54 193 1
54 195 1
54 199 1
55 57 4
55 59 4
55 62 4
55 63 4
55 66 4
55 69 4
55 70 4
55 72 4
55 73 4
55 74 4
55 76 4
55 77 4
55 81 4
55 82 4
55 84 4
55 85 4
55 87 4
55 88 4
55 91 4
55 93 4
55 94 4
55 96 4
55 100 4
55 103 4
55 112 4
55 113 4
55 119 4
55 120 4
55 122 4
55 125 4
55 127 4
55 128 4
55 129 4
55 131 4
55 132 4
55 133 4
55 134 4
55 137 4
55 138 4
55 142 4
55 143 4
55 146 4
55 150 4
55 151 4
55 152 4
55 153 4
55 160 4
55 161 4
55 165 4
55 169 4
55 170 4
55 171 4
55 173 3
55 180 4
55 181 4
55 182 4
55 188 4
55 189 4
55 190 4
55 191 4
55 192 4
55 193 4
55 195 4
55 199 4
56 57 11
56 59 11
56 62 10
56 63 11
56 66 4
56 69 8
56 70 11
56 72 10
56 73 11
56 74 11
56 76 11
56 77 11
56 81 11
56 82 10
56 84 11
56 85 11
56 87 11
56 88 11
56 91 11
56 93 11
56 94 11
56 96 11
56 100 11
56 103 11
56 112 11
56 113 11
56 119 11
56 120 5
56 122 11
56 125 11
56 127 11
56 128 11
56 129 11
56 131 11
56 132 11
56 133 11
56 134 11
56 137 11
56 138 11
56 142 5
56 143 11
56 146 11
56 150 11
56 151 8
56 152 7
56 153 10
56 160 11
56 161 11
56 165 11
56 169 11
56 170 5
56 171 11
56 173 3
56 180 11
56 181 11
56 182 9
56 188 10
56 189 11
56 190 6
56 191 9
56 192 11
56 193 7
56 195 11
56 199 11
57 58 1
57 60 2
57 64 9
57 67 9
57 68 4
57 71 6
57 75 11
57 78 9
57 79 14
57 80 5
57 83 4
57 86 1
57 89 13
57 90 13
57 92 3
57 95 8
57 97 1
57 99 13
57 101 4
57 102 17
57 104 4
57 105 9
57 106 5
57 107 5
57 108 4
57 110 2
57 111 7
57 114 4
57 115 10
57 116 7
57 117 3
57 118 8
57 121 4
57 123 10
57 124 3
57 126 4
57 135 9
57 136 7
57 139 1
57 140 8
57 144 5
57 145 3
57 147 1
57 148 8
57 149 14
57 154 5
57 155 12
57 156 16
57 158 3
57 159 1
57 162 13
57 163 4
57 164 7
57 166 12
57 167 13
57 168 18
57 172 3
57 174 1
57 175 5
57 176 16
57 177 6
57 178 9
57 179 5
57 183 6
57 184 6
57 185 9
57 187 8
57 194 1
57 196 2
57 197 3
57 198 4
57 200 2
58 59 1
58 62 1
58 63 1
58 66 1
58 69 1
58 70 1
58 72 1
58 73 1
58 74 1
58 76 1
58 77 1
58 81 1
58 82 1
58 84 1
58 85 1
58 87 1
58 88 1
58 91 1
58 93 1
58 94 1
58 96 1
58 100 1
58 103 1
58 112 1
58 113 1
58 119 1
58 120 1
58 122 1
58 125 1
58 127 1
58 128 1
58 129 1
58 131 1
58 132 1
58 133 1
58 134 1
58 137 1
58 138 1
58 142 1
58 143 1
58 146 1
58 150 1
58 151 1
58 152 1
58 153 1
58 160 1
58 161 1
58 165 1
58 169 1
58 170 1
58 171 1
58 173 1
58 180 1
58 181 1
58 182 1
58 188 1
58 189 1
58 190 1
58 191 1
58 192 1
58 193 1
58 195 1
58 199 1
59 60 2
59 64 9
59 67 9
59 68 4
59 71 6
59 75 11
59 78 9
59 79 13
59 80 5
59 83 4
59 86 1
59 89 13
59 90 13
59 92 3
59 95 8
59 97 1
59 99 13
59 101 4
59 102 13
59 104 4
59 105 9
59 106 5
59 107 5
59 108 4
59 110 2
59 111 7
59 114 4
59 115 10
59 116 7
59 117 3
59 118 8
59 121 4
59 123 10
59 124 3
59 126 4
59 135 9
59 136 7
59 139 1
59 140 8
59 144 5
59 145 3
59 147 1
59 148 8
59 149 13
59 154 5
59 155 12
59 156 13
59 158 3
59 159 1
59 162 13
59 163 4
59 164 7
59 166 12
59 167 13
59 168 13
59 172 3
59 174 1
59 175 5
59 176 13
59 177 6
59 178 9
59 179 5
59 183 6
59 184 6
59 185 9
59 187 8
59 194 1
59 196 2
59 197 3
59 198 4
59 200 2
60 62 2
60 63 2
60 66 2
60 69 2
60 70 2
60 72 2
60 73 2
60 74 2
60 76 2
60 77 2
60 81 2
60 82 2
60 84 2
60 85 2
60 87 2
60 88 2
60 91 2
60 93 2
60 94 2
60 96 2
60 100 2
60 103 2
60 112 2
60 113 2
60 119 2
60 120 2
60 122 2
60 125 2
60 127 2
60 128 2
60 129 2
60 131 2
60 132 2
60 133 2
60 134 2
60 137 2
60 138 2
60 142 2
60 143 2
60 146 2
60 150 2
60 151 2
60 152 2
60 153 2
60 160 2
60 161 2
60 165 2
60 169 2
60 170 2
60 171 2
60 173 2
60 180 2
60 181 2
60 182 2
60 188 2
60 189 2
60 190 2
60 191 2
60 192 2
60 193 2
60 195 2
60 199 2
62 64 9
62 67 9
62 68 4
62 71 6
62 75 10
62 78 9
62 79 10
62 80 5
62 83 4
62 86 1
62 89 10
62 90 10
62 92 3
62 95 8
62 97 1
62 99 10
62 101 4
62 102 10
62 104 4
62 105 9
62 106 5
62 107 5
62 108 4
62 110 2
62 111 7
62 114 4
62 115 10
62 116 7
62 117 3
62 118 8
62 121 4
62 123 10
62 124 3
62 126 4
62 135 9
62 136 7
62 139 1
62 140 8
62 144 5
62 145 3
62 147 1
62 148 8
62 149 10
62 154 5
62 155 10
62 156 10
62 158 3
62 159 1
62 162 10
62 163 4
62 164 7
62 166 10
62 167 10
62 168 10
62 172 3
62 174 1
62 175 5
62 176 10
62 177 6
62 178 9
62 179 5
62 183 6
62 184 6
62 185 9
62 187 8
62 194 1
62 196 2
62 197 3
62 198 4
62 200 2
63 64 9
63 67 9
63 68 4
63 71 6
63 75 11
63 78 9
63 79 14
63 80 5
63 83 4
63 86 1
63 89 13
63 90 13
63 92 3
63 95 8
63 97 1
63 99 13
63 101 4
63 102 17
63 104 4
63 105 9
63 106 5
63 107 5
63 108 4
63 110 2
63 111 7
63 114 4
63 115 10
63 116 7
63 117 3
63 118 8
63 121 4
63 123 10
63 124 3
63 126 4
63 135 9
63 136 7
63 139 1
63 140 8
63 144 5
63 145 3
63 147 1
63 148 8
63 149 14
63 154 5
63 155 12
63 156 16
63 158 3
63 159 1
63 162 13
63 163 4
63 164 7
63 166 12
63 167 13
63 168 17
63 172 3
63 174 1
63 175 5
63 176 16
63 177 6
63 178 9
63 179 5
63 183 6
63 184 6
63 185 9
63 187 8
63 194 1
63 196 2
63 197 3
63 198 4
63 200 2
64 66 4
64 69 8
64 70 9
64 72 9
64 73 9
64 74 9
64 76 9
64 77 9
64 81 9
64 82 9
64 84 9
64 85 9
64 87 9
64 88 9
64 91 9
64 93 9
64 94 9
64 96 9
64 100 9
64 103 9
64 112 9
64 113 9
64 119 9
64 120 5
64 122 9
64 125 9
64 127 9
64 128 9
64 129 9
64 131 9
64 132 9
64 133 9
64 134 9
64 137 9
64 138 9
64 142 5
64 143 9
64 146 9
64 150 9
64 151 8
64 152 7
64 153 9
64 160 9
64 161 9
64 165 9
64 169 9
64 170 5
64 171 9
64 173 3
64 180 9
64 181 9
64 182 9
64 188 9
64 189 9
64 190 6
64 191 9
64 192 9
64 193 7
64 195 9
64 199 9
66 67 4
66 68 4
66 71 4
66 75 4
66 78 4
66 79 4
66 80 4
66 83 4
66 86 1
66 89 4
66 90 4
66 92 3
66 95 4
66 97 1
66 99 4
66 101 4
66 102 4
66 104 4
66 105 4
66 106 4
66 107 4
66 108 4
66 110 2
66 111 4
66 114 4
66 115 4
66 116 4
66 117 3
66 118 4
66 121 4
66 123 4
66 124 3
66 126 4
66 135 4
66 136 4
66 139 1
66 140 4
66 144 4
66 145 3
66 147 1
66 148 4
66 149 4
66 154 4
66 155 4
66 156 4
66 158 3
66 159 1
66 162 4
66 163 4
66 164 4
66 166 4
66 167 4
66 168 4
66 172 3
66 174 1
66 175 4
66 176 4
66 177 4
66 178 4
66 179 4
66 183 4
66 184 4
66 185 4
66 187 4
66 194 1
66 196 2
66 197 3
66 198 4
66 200 2
67 69 8
67 70 9
67 72 9
67 73 9
67 74 9
67 76 9
67 77 9
67 81 9
67 82 9
67 84 9
67 85 9
67 87 9
67 88 9
67 91 9
67 93 9
67 94 9
67 96 9
67 100 9
67 103 9
67 112 9
67 113 9
67 119 9
67 120 5
67 122 9
67 125 9
67 127 9
67 128 9
67 129 9
67 131 9
67 132 9
67 133 9
67 134 9
67 137 9
67 138 9
67 142 5
67 143 9
67 146 9
67 150 9
67 151 8
67 152 7
67 153 9
67 160 9
67 161 9
67 165 9
67 169 9
67 170 5
67 171 9
67 173 3
67 180 9
67 181 9
67 182 9
67 188 9
67 189 9
67 190 6
67 191 9
67 192 9
67 193 7
67 195 9
67 199 9
68 69 4
68 70 4
68 72 4
68 73 4
68 74 4
68 76 4
68 77 4
68 81 4
68 82 4
68 84 4
68 85 4
68 87 4
68 88 4
68 91 4
68 93 4
68 94 4
68 96 4
68 100 4
68 103 4
68 112 4
68 113 4
68 119 4
68 120 4
68 122 4
68 125 4
68 127 4
68 128 4
68 129 4
68 131 4
68 132 4
68 133 4
68 134 4
68 137 4
68 138 4
68 142 4
68 143 4
68 146 4
68 150 4
68 151 4
68 152 4
68 153 4
68 160 4
68 161 4
68 165 4
68 169 4
68 170 4
68 171 4
68 173 3
68 180 4
68 181 4
68 182 4
68 188 4
68 189 4
68 190 4
68 191 4
68 192 4
68 193 4
68 195 4
68 199 4
69 71 6
69 75 8
69 78 8
69 79 8
69 80 5
69 83 4
69 86 1
69 89 8
69 90 8
69 92 3
69 95 8
69 97 1
69 99 8
69 101 4
69 102 8
69 104 4
69 105 8
69 106 5
69 107 5
69 108 4
69 110 2
69 111 7
69 114 4
69 115 8
69 116 7
69 117 3
69 118 8
69 121 4
69 123 8
69 124 3
69 126 4
69 135 8
69 136 7
69 139 1
69 140 8
69 144 5
69 145 3
69 147 1
69 148 8
69 149 8
69 154 5
69 155 8
69 156 8
69 158 3
69 159 1
69 162 8
69 163 4
69 164 7
69 166 8
69 167 8
69 168 8
69 172 3
69 174 1
69 175 5
69 176 8
69 177 6
69 178 8
69 179 5
69 183 6
69 184 6
69 185 8
69 187 8
69 194 1
69 196 2
69 197 3
69 198 4
69 200 2
70 71 6
70 75 11
70 78 9
70 79 14
70 80 5
70 83 4
70 86 1
70 89 13
70 90 13
70 92 3
70 95 8
70 97 1
70 99 13
70 101 4
70 102 17
70 104 4
70 105 9
70 106 5
70 107 5
70 108 4
70 110 2
70 111 7
70 114 4
70 115 10
70 116 7
70 117 3
70 118 8
70 121 4
70 123 10
70 124 3
70 126 4
70 135 9
70 136 7
70 139 1
70 140 8
70 144 5
70 145 3
70 147 1
70 148 8
70 149 14
70 154 5
70 155 12
70 156 16
70 158 3
70 159 1
70 162 13
70 163 4
70 164 7
70 166 12
70 167 13
70 168 18
70 172 3
70 174 1
70 175 5
70 176 16
70 177 6
70 178 9
70 179 5
70 183 6
70 184 6
70 185 9
70 187 8
70 194 1
70 196 2
70 197 3
70 198 4
70 200 2
71 72 6
71 73 6
71 74 6
71 76 6
71 77 6
71 81 6
71 82 6
71 84 6
71 85 6
71 87 6
71 88 6
71 91 6
71 93 6
71 94 6
71 96 6
71 100 6
71 103 6
71 112 6
71 113 6
71 119 6
71 120 5
71 122 6
71 125 6
71 127 6
71 128 6
71 129 6
71 131 6
71 132 6
71 133 6
71 134 6
71 137 6
71 138 6
71 142 5
71 143 6
71 146 6
71 150 6
71 151 6
71 152 6
71 153 6
71 160 6
71 161 6
71 165 6
71 169 6
71 170 5
71 171 6
71 173 3
71 180 6
71 181 6
71 182 6
71 188 6
71 189 6
71 190 6
71 191 6
71 192 6
71 193 6
71 195 6
71 199 6
72 75 10
72 78 9
72 79 10
72 80 5
72 83 4
72 86 1
72 89 10
72 90 10
72 92 3
72 95 8
72 97 1
72 99 10
72 101 4
72 102 10
72 104 4
72 105 9
72 106 5
72 107 5
72 108 4
72 110 2
72 111 7
72 114 4
72 115 10
72 116 7
72 117 3
72 118 8
72 121 4
72 123 10
72 124 3
72 126 4
72 135 9
72 136 7
72 139 1
72 140 8
72 144 5
72 145 3
72 147 1
72 148 8
72 149 10
72 154 5
72 155 10
72 156 10
72 158 3
72 159 1
72 162 10
72 163 4
72 164 7
72 166 10
72 167 10
72 168 10
72 172 3
72 174 1
72 175 5
72 176 10
72 177 6
72 178 9
72 179 5
72 183 6
72 184 6
72 185 9
72 187 8
72 194 1
72 196 2
72 197 3
72 198 4
72 200 2
73 75 11
73 78 9
73 79 14
73 80 5
73 83 4
73 86 1
73 89 13
73 90 13
73 92 3
73 95 8
73 97 1
73 99 13
73 101 4
73 102 15
73 104 4
73 105 9
73 106 5
73 107 5
73 108 4
73 110 2
73 111 7
73 114 4
73 115 10
73 116 7
73 117 3
73 118 8
73 121 4
73 123 10
73 124 3
73 126 4
73 135 9
73 136 7
73 139 1
73 140 8
73 144 5
73 145 3
73 147 1
73 148 8
73 149 14
73 154 5
73 155 12
73 156 15
73 158 3
73 159 1
73 162 13
73 163 4
73 164 7
73 166 12
73 167 13
73 168 15
73 172 3
73 174 1
73 175 5
73 176 15
73 177 6
73 178 9
73 179 5
73 183 6
73 184 6
73 185 9
73 187 8
73 194 1
73 196 2
73 197 3
73 198 4
73 200 2
74 75 11
74 78 9
74 79 14
74 80 5
74 83 4
74 86 1
74 89 13
74 90 13
74 92 3
74 95 8
74 97 1
74 99 13
74 101 4
74 102 17
74 104 4
74 105 9
74 106 5
74 107 5
74 108 4
74 110 2
74 111 7
74 114 4
74 115 10
74 116 7
74 117 3
74 118 8
74 121 4
74 123 10
74 124 3
74 126 4
74 135 9
74 136 7
74 139 1
74 140 8
74 144 5
74 145 3
74 147 1
74 148 8
74 149 14
74 154 5
74 155 12
74 156 16
74 158 3
74 159 1
74 162 13
74 163 4
74 164 7
74 166 12
74 167 13
74 168 18
74 172 3
74 174 1
74 175 5
74 176 16
74 177 6
74 178 9
74 179 5
74 183 6
74 184 6
74 185 9
74 187 8
74 194 1
74 196 2
74 197 3
74 198 4
74 200 2
75 76 11
75 77 11
75 81 11
75 82 10
75 84 11
75 85 11
75 87 11
75 88 11
75 91 11
75 93 11
75 94 11
75 96 11
75 100 11
75 103 11
75 112 11
75 113 11
75 119 11
75 120 5
75 122 11
75 125 11
75 127 11
75 128 11
75 129 11
75 131 11
75 132 11
75 133 11
75 134 11
75 137 11
75 138 11
75 142 5
75 143 11
75 146 11
75 150 11
75 151 8
75 152 7
75 153 10
75 160 11
75 161 11
75 165 11
75 169 11
75 170 5
75 171 11
75 173 3
75 180 11
75 181 11
75 182 9
75 188 10
75 189 11
75 190 6
75 191 9
75 192 11
75 193 7
75 195 11
75 199 11
76 78 9
76 79 14
76 80 5
76 83 4
76 86 1
76 89 13
76 90 13
76 92 3
76 95 8
76 97 1
76 99 13
76 101 4
76 102 17
76 104 4
76 105 9
76 106 5
76 107 5
76 108 4
76 110 2
76 111 7
76 114 4
76 115 10
76 116 7
76 117 3
76 118 8
76 121 4
76 123 10
76 124 3
76 126 4
76 135 9
76 136 7
76 139 1
76 140 8
76 144 5
76 145 3
76 147 1
76 148 8
76 149 14
76 154 5
76 155 12
76 156 16
76 158 3
76 159 1
76 162 13
76 163 4
76 164 7
76 166 12
76 167 13
76 168 18
76 172 3
76 174 1
76 175 5
76 176 16
76 177 6
76 178 9
76 179 5
76 183 6
76 184 6
76 185 9
76 187 8
76 194 1
76 196 2
76 197 3
76 198 4
76 200 2
77 78 9
77 79 14
77 80 5
77 83 4
77 86 1
77 89 13
77 90 13
77 92 3
77 95 8
77 97 1
77 99 13
77 101 4
77 102 15
77 104 4
77 105 9
77 106 5
77 107 5
77 108 4
77 110 2
77 111 7
77 114 4
77 115 10
77 116 7
77 117 3
77 118 8
77 121 4
77 123 10
77 124 3
77 126 4
77 135 9
77 136 7
77 139 1
77 140 8
77 144 5
77 145 3
77 147 1
77 148 8
77 149 14
77 154 5
77 155 12
77 156 15
77 158 3
77 159 1
77 162 13
77 163 4
77 164 7
77 166 12
77 167 13
77 168 15
77 172 3
77 174 1
77 175 5
77 176 15
77 177 6
77 178 9
77 179 5
77 183 6
77 184 6
77 185 9
77 187 8
77 194 1
77 196 2
77 197 3
77 198 4
77 200 2
78 81 9
78 82 9
78 84 9
78 85 9
78 87 9
78 88 9
78 91 9
78 93 9
78 94 9
78 96 9
78 100 9
78 103 9
78 112 9
78 113 9
78 119 9
78 120 5
78 122 9
78 125 9
78 127 9
78 128 9
78 129 9
78 131 9
78 132 9
78 133 9
78 134 9
78 137 9
78 138 9
78 142 5
78 143 9
78 146 9
78 150 9
78 151 8
78 152 7
78 153 9
78 160 9
78 161 9
78 165 9
78 169 9
78 170 5
78 171 9
78 173 3
78 180 9
78 181 9
78 182 9
78 188 9
78 189 9
78 190 6
78 191 9
78 192 9
78 193 7
78 195 9
78 199 9
79 81 14
79 82 10
79 84 14
79 85 14
79 87 14
79 88 14
79 91 13
79 93 14
79 94 14
79 96 14
79 100 13
79 103 14
79 112 14
79 113 14
79 119 14
79 120 5
79 122 14
79 125 13
79 127 12
79 128 14
79 129 14
79 131 13
79 132 14
79 133 14
79 134 12
79 137 14
79 138 13
79 142 5
79 143 11
79 146 14
79 150 14
79 151 8
79 152 7
79 153 10
79 160 14
79 161 14
79 165 12
79 169 14
79 170 5
79 171 12
79 173 3
79 180 14
79 181 14
79 182 9
79 188 10
79 189 14
79 190 6
79 191 9
79 192 14
79 193 7
79 195 14
79 199 14
80 81 5
80 82 5
80 84 5
80 85 5
80 87 5
80 88 5
80 91 5
80 93 5
80 94 5
80 96 5
80 100 5
80 103 5
80 112 5
80 113 5
80 119 5
80 120 5
80 122 5
80 125 5
80 127 5
80 128 5
80 129 5
80 131 5
80 132 5
80 133 5
80 134 5
80 137 5
80 138 5
80 142 5
80 143 5
80 146 5
80 150 5
80 151 5
80 152 5
80 153 5
80 160 5
80 161 5
80 165 5
80 169 5
80 170 5
80 171 5
80 173 3
80 180 5
80 181 5
80 182 5
80 188 5
80 189 5
80 190 5
80 191 5
80 192 5
80 193 5
80 195 5
80 199 5
81 83 4
81 86 1
81 89 13
81 90 13
81 92 3
81 95 8
81 97 1
81 99 13
81 101 4
81 102 16
81 104 4
81 105 9
81 106 5
81 107 5
81 108 4
81 110 2
81 111 7
81 114 4
81 115 10
81 116 7
81 117 3
81 118 8
81 121 4
81 123 10
81 124 3
81 126 4
81 135 9
81 136 7
81 139 1
81 140 8
81 144 5
81 145 3
81 147 1
81 148 8
81 149 14
81 154 5
81 155 12
81 156 16
81 158 3
81 159 1
81 162 13
81 163 4
81 164 7
81 166 12
81 167 13
81 168 16
81 172 3
81 174 1
81 175 5
81 176 16
81 177 6
81 178 9
81 179 5
81 183 6
81 184 6
81 185 9
81 187 8
81 194 1
81 196 2
81 197 3
81 198 4
81 200 2
82 83 4
82 86 1
82 89 10
82 90 10
82 92 3
82 95 8
82 97 1
82 99 10
82 101 4
82 102 10
82 104 4
82 105 9
82 106 5
82 107 5
82 108 4
82 110 2
82 111 7
82 114 4
82 115 10
82 116 7
82 117 3
82 118 8
82 121 4
82 123 10
82 124 3
82 126 4
82 135 9
82 136 7
82 139 1
82 140 8
82 144 5
82 145 3
82 147 1
82 148 8
82 149 10
82 154 5
82 155 10
82 156 10
82 158 3
82 159 1
82 162 10
82 163 4
82 164 7
82 166 10
82 167 10
82 168 10
82 172 3
82 174 1
82 175 5
82 176 10
82 177 6
82 178 9
82 179 5
82 183 6
82 184 6
82 185 9
82 187 8
82 194 1
82 196 2
82 197 3
82 198 4
82 200 2
83 84 4
83 85 4
83 87 4
83 88 4
83 91 4
83 93 4
83 94 4
83 96 4
83 100 4
83 103 4
83 112 4
83 113 4
83 119 4
83 120 4
83 122 4
83 125 4
83 127 4
83 128 4
83 129 4
83 131 4
83 132 4
83 133 4
83 134 4
83 137 4
83 138 4
83 142 4
83 143 4
83 146 4
83 150 4
83 151 4
83 152 4
83 153 4
83 160 4
83 161 4
83 165 4
83 169 4
83 170 4
83 171 4
83 173 3
83 180 4
83 181 4
83 182 4
83 188 4
83 189 4
83 190 4
83 191 4
83 192 4
83 193 4
83 195 4
83 199 4
84 86 1
84 89 13
84 90 13
84 92 3
84 95 8
84 97 1
84 99 13
84 101 4
84 102 17
84 104 4
84 105 9
84 106 5
84 107 5
84 108 4
84 110 2
84 111 7
84 114 4
84 115 10
84 116 7
84 117 3
84 118 8
84 121 4
84 123 10
84 124 3
84 126 4
84 135 9
84 136 7
84 139 1
84 140 8
84 144 5
84 145 3
84 147 1
84 148 8
84 149 14
84 154 5
84 155 12
84 156 16
84 158 3
84 159 1
84 162 13
84 163 4
84 164 7
84 166 12
84 167 13
84 168 17
84 172 3
84 174 1
84 175 5
84 176 16
84 177 6
84 178 9
84 179 5
84 183 6
84 184 6
84 185 9
84 187 8
84 194 1
84 196 2
84 197 3
84 198 4
84 200 2
85 86 1
85 89 13
85 90 13
85 92 3
85 95 8
85 97 1
85 99 13
85 101 4
85 102 15
85 104 4
85 105 9
85 106 5
85 107 5
85 108 4
85 110 2
85 111 7
85 114 4
85 115 10
85 116 7
85 117 3
85 118 8
85 121 4
85 123 10
85 124 3
85 126 4
85 135 9
85 136 7
85 139 1
85 140 8
85 144 5
85 145 3
85 147 1
85 148 8
85 149 14
85 154 5
85 155 12
85 156 15
85 158 3
85 159 1
85 162 13
85 163 4
85 164 7
85 166 12
85 167 13
85 168 15
85 172 3
85 174 1
85 175 5
85 176 15
85 177 6
85 178 9
85 179 5
85 183 6
85 184 6
85 185 9
85 187 8
85 194 1
85 196 2
85 197 3
85 198 4
85 200 2
86 87 1
86 88 1
86 91 1
86 93 1
86 94 1
86 96 1
86 100 1
86 103 1
86 112 1
86 113 1
86 119 1
86 120 1
86 122 1
86 125 1
86 127 1
86 128 1
86 129 1
86 131 1
86 132 1
86 133 1
86 134 1
86 137 1
86 138 1
86 142 1
86 143 1
86 146 1
86 150 1
86 151 1
86 152 1
86 153 1
86 160 1
86 161 1
86 165 1
86 169 1
86 170 1
86 171 1
86 173 1
86 180 1
86 181 1
86 182 1
86 188 1
86 189 1
86 190 1
86 191 1
86 192 1
86 193 1
86 195 1
86 199 1
87 89 13
87 90 13
87 92 3
87 95 8
87 97 1
87 99 13
87 101 4
87 102 15
87 104 4
87 105 9
87 106 5
87 107 5
87 108 4
87 110 2
87 111 7
87 114 4
87 115 10
87 116 7
87 117 3
87 118 8
87 121 4
87 123 10
87 124 3
87 126 4
87 135 9
87 136 7
87 139 1
87 140 8
87 144 5
87 145 3
87 147 1
87 148 8
87 149 14
87 154 5
87 155 12
87 156 15
87 158 3
87 159 1
87 162 13
87 163 4
87 164 7
87 166 12
87 167 13
87 168 15
87 172 3
87 174 1
87 175 5
87 176 15
87 177 6
87 178 9
87 179 5
87 183 6
87 184 6
87 185 9
87 187 8
87 194 1
87 196 2
87 197 3
87 198 4
87 200 2
88 89 13
88 90 13
88 92 3
88 95 8
88 97 1
88 99 13
88 101 4
88 102 17
88 104 4
88 105 9
88 106 5
88 107 5
88 108 4
88 110 2
88 111 7
88 114 4
88 115 10
88 116 7
88 117 3
88 118 8
88 121 4
88 123 10
88 124 3
88 126 4
88 135 9
88 136 7
88 139 1
88 140 8
88 144 5
88 145 3
88 147 1
88 148 8
88 149 14
88 154 5
88 155 12
88 156 16
88 158 3
88 159 1
88 162 13
88 163 4
88 164 7
88 166 12
88 167 13
88 168 18
88 172 3
88 174 1
88 175 5
88 176 16
88 177 6
88 178 9
88 179 5
88 183 6
88 184 6
88 185 9
88 187 8
88 194 1
88 196 2
88 197 3
88 198 4
88 200 2
89 91 13
89 93 13
89 94 13
89 96 13
89 100 13
89 103 13
89 112 13
89 113 13
89 119 13
89 120 5
89 122 13
89 125 13
89 127 12
89 128 13
89 129 13
89 131 13
89 132 13
89 133 13
89 134 12
89 137 13
89 138 13
89 142 5
89 143 11
89 146 13
89 150 13
89 151 8
89 152 7
89 153 10
89 160 13
89 161 13
89 165 12
89 169 13
89 170 5
89 171 12
89 173 3
89 180 13
89 181 13
89 182 9
89 188 10
89 189 13
89 190 6
89 191 9
89 192 13
89 193 7
89 195 13
89 199 13
90 91 13
90 93 13
90 94 13
90 96 13
90 100 13
90 103 13
90 112 13
90 113 13
90 119 13
90 120 5
90 122 13
90 125 13
90 127 12
90 128 13
90 129 13
90 131 13
90 132 13
90 133 13
90 134 12
90 137 13
90 138 13
90 142 5
90 143 11
90 146 13
90 150 13
90 151 8
90 152 7
90 153 10
90 160 13
90 161 13
90 165 12
90 169 13
90 170 5
90 171 12
90 173 3
90 180 13
90 181 13
90 182 9
90 188 10
90 189 13
90 190 6
90 191 9
90 192 13
90 193 7
90 195 13
90 199 13
91 92 3
91 95 8
91 97 1
91 99 13
91 101 4
91 102 13
91 104 4
91 105 9
91 106 5
91 107 5
91 108 4
91 110 2
91 111 7
91 114 4
91 115 10
91 116 7
91 117 3
91 118 8
91 121 4
91 123 10
91 124 3
91 126 4
91 135 9
91 136 7
91 139 1
91 140 8
91 144 5
91 145 3
91 147 1
91 148 8
91 149 13
91 154 5
91 155 12
91 156 13
91 158 3
91 159 1
91 162 13
91 163 4
91 164 7
91 166 12
91 167 13
91 168 13
91 172 3
91 174 1
91 175 5
91 176 13
91 177 6
91 178 9
91 179 5
91 183 6
91 184 6
91 185 9
91 187 8
91 194 1
91 196 2
91 197 3
91 198 4
91 200 2
92 93 3
92 94 3
92 96 3
92 100 3
92 103 3
92 112 3
92 113 3
92 119 3
92 120 3
92 122 3
92 125 3
92 127 3
92 128 3
92 129 3
92 131 3
92 132 3
92 133 3
92 134 3
92 137 3
92 138 3
92 142 3
92 143 3
92 146 3
92 150 3
92 151 3
92 152 3
92 153 3
92 160 3
92 161 3
92 165 3
92 169 3
92 170 3
92 171 3
92 173 3
92 180 3
92 181 3
92 182 3
92 188 3
92 189 3
92 190 3
92 191 3
92 192 3
92 193 3
92 195 3
92 199 3
93 95 8
93 97 1
93 99 13
93 101 4
93 102 14
93 104 4
93 105 9
93 106 5
93 107 5
93 108 4
93 110 2
93 111 7
93 114 4
93 115 10
93 116 7
93 117 3
93 118 8
93 121 4
93 123 10
93 124 3
93 126 4
93 135 9
93 136 7
93 139 1
93 140 8
93 144 5
93 145 3
93 147 1
93 148 8
93 149 14
93 154 5
93 155 12
93 156 14
93 158 3
93 159 1
93 162 13
93 163 4
93 164 7
93 166 12
93 167 13
93 168 14
93 172 3
93 174 1
93 175 5
93 176 14
93 177 6
93 178 9
93 179 5
93 183 6
93 184 6
93 185 9
93 187 8
93 194 1
93 196 2
93 197 3
93 198 4
93 200 2
94 95 8
94 97 1
94 99 13
94 101 4
94 102 15
94 104 4
94 105 9
94 106 5
94 107 5
94 108 4
94 110 2
94 111 7
94 114 4
94 115 10
94 116 7
94 117 3
94 118 8
94 121 4
94 123 10
94 124 3
94 126 4
94 135 9
94 136 7
94 139 1
94 140 8
94 144 5
94 145 3
94 147 1
94 148 8
94 149 14
94 154 5
94 155 12
94 156 15
94 158 3
94 159 1
94 162 13
94 163 4
94 164 7
94 166 12
94 167 13
94 168 15
94 172 3
94 174 1
94 175 5
94 176 15
94 177 6
94 178 9
94 179 5
94 183 6
94 184 6
94 185 9
94 187 8
94 194 1
94 196 2
94 197 3
94 198 4
94 200 2
95 96 8
95 100 8
95 103 8
95 112 8
95 113 8
95 119 8
95 120 5
95 122 8
95 125 8
95 127 8
95 128 8
95 129 8
95 131 8
95 132 8
95 133 8
95 134 8
95 137 8
95 138 8
95 142 5
95 143 8
95 146 8
95 150 8
95 151 8
95 152 7
95 153 8
95 160 8
95 161 8
95 165 8
95 169 8
95 170 5
95 171 8
95 173 3
95 180 8
95 181 8
95 182 8
95 188 8
95 189 8
95 190 6
95 191 8
95 192 8
95 193 7
95 195 8
95 199 8
96 97 1
96 99 13
96 101 4
96 102 14
96 104 4
96 105 9
96 106 5
96 107 5
96 108 4
96 110 2
96 111 7
96 114 4
96 115 10
96 116 7
96 117 3
96 118 8
96 121 4
96 123 10
96 124 3
96 126 4
96 135 9
96 136 7
96 139 1
96 140 8
96 144 5
96 145 3
96 147 1
96 148 8
96 149 14
96 154 5
96 155 12
96 156 14
96 158 3
96 159 1
96 162 13
96 163 4
96 164 7
96 166 12
96 167 13
96 168 14
96 172 3
96 174 1
96 175 5
96 176 14
96 177 6
96 178 9
96 179 5
96 183 6
96 184 6
96 185 9
96 187 8
96 194 1
96 196 2
96 197 3
96 198 4
96 200 2
97 100 1
97 103 1
97 112 1
97 113 1
97 119 1
97 120 1
97 122 1
97 125 1
97 127 1
97 128 1
97 129 1
97 131 1
97 132 1
97 133 1
97 134 1
97 137 1
97 138 1
97 142 1
97 143 1
97 146 1
97 150 1
97 151 1
97 152 1
97 153 1
97 160 1
97 161 1
97 165 1
97 169 1
97 170 1
97 171 1
97 173 1
97 180 1
97 181 1
97 182 1
97 188 1
97 189 1
97 190 1
97 191 1
97 192 1
97 193 1
97 195 1
97 199 1
99 100 13
99 103 13
99 112 13
99 113 13
99 119 13
99 120 5
99 122 13
99 125 13
99 127 12
99 128 13
99 129 13
99 131 13
99 132 13
99 133 13
99 134 12
99 137 13
99 138 13
99 142 5
99 143 11
99 146 13
99 150 13
99 151 8
99 152 7
99 153 10
99 160 13
99 161 13
99 165 12
99 169 13
99 170 5
99 171 12
99 173 3
99 180 13
99 181 13
99 182 9
99 188 10
99 189 13
99 190 6
99 191 9
99 192 13
99 193 7
99 195 13
99 199 13
100 101 4
100 102 13
100 104 4
100 105 9
100 106 5
100 107 5
100 108 4
100 110 2
100 111 7
100 114 4
100 115 10
100 116 7
100 117 3
100 118 8
100 121 4
100 123 10
100 124 3
100 126 4
100 135 9
100 136 7
100 139 1
100 140 8
100 144 5
100 145 3
100 147 1
100 148 8
100 149 13
100 154 5
100 155 12
100 156 13
100 158 3
100 159 1
100 162 13
100 163 4
100 164 7
100 166 12
100 167 13
100 168 13
100 172 3
100 174 1
100 175 5
100 176 13
100 177 6
100 178 9
100 179 5
100 183 6
100 184 6
100 185 9
100 187 8
100 194 1
100 196 2
100 197 3
100 198 4
100 200 2
101 103 4
101 112 4
101 113 4
101 119 4
101 120 4
101 122 4
101 125 4
101 127 4
101 128 4
101 129 4
101 131 4
101 132 4
101 133 4
101 134 4
101 137 4
101 138 4
101 142 4
101 143 4
101 146 4
101 150 4
101 151 4
101 152 4
101 153 4
101 160 4
101 161 4
101 165 4
101 169 4
101 170 4
101 171 4
101 173 3
101 180 4
101 181 4
101 182 4
101 188 4
101 189 4
101 190 4
101 191 4
101 192 4
101 193 4
101 195 4
101 199 4
102 103 16
102 112 17
102 113 14
102 119 16
102 120 5
102 122 17
102 125 13
102 127 12
102 128 17
102 129 17
102 131 13
102 132 17
102 133 15
102 134 12
102 137 17
102 138 13
102 142 5
102 143 11
102 146 14
102 150 17
102 151 8
102 152 7
102 153 10
102 160 17
102 161 14
102 165 12
102 169 15
102 170 5
102 171 12
102 173 3
102 180 17
102 181 17
102 182 9
102 188 10
102 189 17
102 190 6
102 191 9
102 192 17
102 193 7
102 195 17
102 199 17
103 104 4
103 105 9
103 106 5
103 107 5
103 108 4
103 110 2
103 111 7
103 114 4
103 115 10
103 116 7
103 117 3
103 118 8
103 121 4
103 123 10
103 124 3
103 126 4
103 135 9
103 136 7
103 139 1
103 140 8
103 144 5
103 145 3
103 147 1
103 148 8
103 149 14
103 154 5
103 155 12
103 156 16
103 158 3
103 159 1
103 162 13
103 163 4
103 164 7
103 166 12
103 167 13
103 168 16
103 172 3
103 174 1
103 175 5
103 176 16
103 177 6
103 178 9
103 179 5
103 183 6
103 184 6
103 185 9
103 187 8
103 194 1
103 196 2
103 197 3
103 198 4
103 200 2
104 112 4
104 113 4
104 119 4
104 120 4
104 122 4
104 125 4
104 127 4
104 128 4
104 129 4
104 131 4
104 132 4
104 133 4
104 134 4
104 137 4
104 138 4
104 142 4
104 143 4
104 146 4
104 150 4
104 151 4
104 152 4
104 153 4
104 160 4
104 161 4
104 165 4
104 169 4
104 170 4
104 171 4
104 173 3
104 180 4
104 181 4
104 182 4
104 188 4
104 189 4
104 190 4
104 191 4
104 192 4
104 193 4
104 195 4
104 199 4
105 112 9
105 113 9
105 119 9
105 120 5
105 122 9
105 125 9
105 127 9
105 128 9
105 129 9
105 131 9
105 132 9
105 133 9
105 134 9
105 137 9
105 138 9
105 142 5
105 143 9
105 146 9
105 150 9
105 151 8
105 152 7
105 153 9
105 160 9
105 161 9
105 165 9
105 169 9
105 170 5
105 171 9
105 173 3
105 180 9
105 181 9
105 182 9
105 188 9
105 189 9
105 190 6
105 191 9
105 192 9
105 193 7
105 195 9
105 199 9
106 112 5
106 113 5
106 119 5
106 120 5
106 122 5
106 125 5
106 127 5
106 128 5
106 129 5
106 131 5
106 132 5
106 133 5
106 134 5
106 137 5
106 138 5
106 142 5
106 143 5
106 146 5
106 150 5
106 151 5
106 152 5
106 153 5
106 160 5
106 161 5
106 165 5
106 169 5
106 170 5
106 171 5
106 173 3
106 180 5
106 181 5
106 182 5
106 188 5
106 189 5
106 190 5
106 191 5
106 192 5
106 193 5
106 195 5
106 199 5
107 112 5
107 113 5
107 119 5
107 120 5
107 122 5
107 125 5
107 127 5
107 128 5
107 129 5
107 131 5
107 132 5
107 133 5
107 134 5
107 137 5
107 138 5
107 142 5
107 143 5
107 146 5
107 150 5
107 151 5
107 152 5
107 153 5
107 160 5
107 161 5
107 165 5
107 169 5
107 170 5
107 171 5
107 173 3
107 180 5
107 181 5
107 182 5
107 188 5
107 189 5
107 190 5
107 191 5
107 192 5
107 193 5
107 195 5
107 199 5
108 112 4
108 113 4
108 119 4
108 120 4
108 122 4
108 125 4
108 127 4
108 128 4
108 129 4
108 131 4
108 132 4
108 133 4
108 134 4
108 137 4
108 138 4
108 142 4
108 143 4
108 146 4
108 150 4
108 151 4
108 152 4
108 153 4
108 160 4
108 161 4
108 165 4
108 169 4
108 170 4
108 171 4
108 173 3
108 180 4
108 181 4
108 182 4
108 188 4
108 189 4
108 190 4
108 191 4
108 192 4
108 193 4
108 195 4
108 199 4
110 112 2
110 113 2
110 119 2
110 120 2
110 122 2
110 125 2
110 127 2
110 128 2
110 129 2
110 131 2
110 132 2
110 133 2
110 134 2
110 137 2
110 138 2
110 142 2
110 143 2
110 146 2
110 150 2
110 151 2
110 152 2
110 153 2
110 160 2
110 161 2
110 165 2
110 169 2
110 170 2
110 171 2
110 173 2
110 180 2
110 181 2
110 182 2
110 188 2
110 189 2
110 190 2
110 191 2
110 192 2
110 193 2
110 195 2
110 199 2
111 112 7
111 113 7
111 119 7
111 120 5
111 122 7
111 125 7
111 127 7
111 128 7
111 129 7
111 131 7
111 132 7
111 133 7
111 134 7
111 137 7
111 138 7
111 142 5
111 143 7
111 146 7
111 150 7
111 151 7
111 152 7
111 153 7
111 160 7
111 161 7
111 165 7
111 169 7
111 170 5
111 171 7
111 173 3
111 180 7
111 181 7
111 182 7
111 188 7
111 189 7
111 190 6
111 191 7
111 192 7
111 193 7
111 195 7
111 199 7
112 114 4
112 115 10
112 116 7
112 117 3
112 118 8
112 121 4
112 123 10
112 124 3
112 126 4
112 135 9
112 136 7
112 139 1
112 140 8
112 144 5
112 145 3
112 147 1
112 148 8
112 149 14
112 154 5
112 155 12
112 156 16
112 158 3
112 159 1
112 162 13
112 163 4
112 164 7
112 166 12
112 167 13
112 168 18
112 172 3
112 174 1
112 175 5
112 176 16
112 177 6
112 178 9
112 179 5
112 183 6
112 184 6
112 185 9
112 187 8
112 194 1
112 196 2
112 197 3
112 198 4
112 200 2
113 114 4
113 115 10
113 116 7
113 117 3
113 118 8
113 121 4
113 123 10
113 124 3
113 126 4
113 135 9
113 136 7
113 139 1
113 140 8
113 144 5
113 145 3
113 147 1
113 148 8
113 149 14
113 154 5
113 155 12
113 156 14
113 158 3
113 159 1
113 162 13
113 163 4
113 164 7
113 166 12
113 167 13
113 168 14
113 172 3
113 174 1
113 175 5
113 176 14
113 177 6
113 178 9
113 179 5
113 183 6
113 184 6
113 185 9
113 187 8
113 194 1
113 196 2
113 197 3
113 198 4
113 200 2
114 119 4
114 120 4
114 122 4
114 125 4
114 127 4
114 128 4
114 129 4
114 131 4
114 132 4
114 133 4
114 134 4
114 137 4
114 138 4
114 142 4
114 143 4
114 146 4
114 150 4
114 151 4
114 152 4
114 153 4
114 160 4
114 161 4
114 165 4
114 169 4
114 170 4
114 171 4
114 173 3
114 180 4
114 181 4
114 182 4
114 188 4
114 189 4
114 190 4
114 191 4
114 192 4
114 193 4
114 195 4
114 199 4
115 119 10
115 120 5
115 122 10
115 125 10
115 127 10
115 128 10
115 129 10
115 131 10
115 132 10
115 133 10
115 134 10
115 137 10
115 138 10
115 142 5
115 143 10
115 146 10
115 150 10
115 151 8
115 152 7
115 153 10
115 160 10
115 161 10
115 165 10
115 169 10
115 170 5
115 171 10
115 173 3
115 180 10
115 181 10
115 182 9
115 188 10
115 189 10
115 190 6
115 191 9
115 192 10
115 193 7
115 195 10
115 199 10
116 119 7
116 120 5
116 122 7
116 125 7
116 127 7
116 128 7
116 129 7
116 131 7
116 132 7
116 133 7
116 134 7
116 137 7
116 138 7
116 142 5
116 143 7
116 146 7
116 150 7
116 151 7
116 152 7
116 153 7
116 160 7
116 161 7
116 165 7
116 169 7
116 170 5
116 171 7
116 173 3
116 180 7
116 181 7
116 182 7
116 188 7
116 189 7
116 190 6
116 191 7
116 192 7
116 193 7
116 195 7
116 199 7
117 119 3
117 120 3
117 122 3
117 125 3
117 127 3
117 128 3
117 129 3
117 131 3
117 132 3
117 133 3
117 134 3
117 137 3
117 138 3
117 142 3
117 143 3
117 146 3
117 150 3
117 151 3
117 152 3
117 153 3
117 160 3
117 161 3
117 165 3
117 169 3
117 170 3
117 171 3
117 173 3
117 180 3
117 181 3
117 182 3
117 188 3
117 189 3
117 190 3
117 191 3
117 192 3
117 193 3
117 195 3
117 199 3
118 119 8
118 120 5
118 122 8
118 125 8
118 127 8
118 128 8
118 129 8
118 131 8
118 132 8
118 133 8
118 134 8
118 137 8
118 138 8
118 142 5
118 143 8
118 146 8
118 150 8
118 151 8
118 152 7
118 153 8
118 160 8
118 161 8
118 165 8
118 169 8
118 170 5
118 171 8
118 173 3
118 180 8
118 181 8
118 182 8
118 188 8
118 189 8
118 190 6
118 191 8
118 192 8
118 193 7
118 195 8
118 199 8
119 121 4
119 123 10
119 124 3
119 126 4
119 135 9
119 136 7
119 139 1
119 140 8
119 144 5
119 145 3
119 147 1
119 148 8
119 149 14
119 154 5
119 155 12
119 156 16
119 158 3
119 159 1
119 162 13
119 163 4
119 164 7
119 166 12
119 167 13
119 168 16
119 172 3
119 174 1
119 175 5
119 176 16
119 177 6
119 178 9
119 179 5
119 183 6
119 184 6
119 185 9
119 187 8
119 194 1
119 196 2
119 197 3
119 198 4
119 200 2
120 121 4
120 123 5
120 124 3
120 126 4
120 135 5
120 136 5
120 139 1
120 140 5
120 144 5
120 145 3
120 147 1
120 148 5
120 149 5
120 154 5
120 155 5
120 156 5
120 158 3
120 159 1
120 162 5
120 163 4
120 164 5
120 166 5
120 167 5
120 168 5
120 172 3
120 174 1
120 175 5
120 176 5
120 177 5
120 178 5
120 179 5
120 183 5
120 184 5
120 185 5
120 187 5
120 194 1
120 196 2
120 197 3
120 198 4
120 200 2
121 122 4
121 125 4
121 127 4
121 128 4
121 129 4
121 131 4
121 132 4
121 133 4
121 134 4
121 137 4
121 138 4
121 142 4
121 143 4
121 146 4
121 150 4
121 151 4
121 152 4
121 153 4
121 160 4
121 161 4
121 165 4
121 169 4
121 170 4
121 171 4
121 173 3
121 180 4
121 181 4
121 182 4
121 188 4
121 189 4
121 190 4
121 191 4
121 192 4
121 193 4
121 195 4
121 199 4
122 123 10
122 124 3
122 126 4
122 135 9
122 136 7
122 139 1
122 140 8
122 144 5
122 145 3
122 147 1
122 148 8
122 149 14
122 154 5
122 155 12
122 156 16
122 158 3
122 159 1
122 162 13
122 163 4
122 164 7
122 166 12
122 167 13
122 168 17
122 172 3
122 174 1
122 175 5
122 176 16
122 177 6
122 178 9
122 179 5
122 183 6
122 184 6
122 185 9
122 187 8
122 194 1
122 196 2
122 197 3
122 198 4
122 200 2
123 125 10
123 127 10
123 128 10
123 129 10
123 131 10
123 132 10
123 133 10
123 134 10
123 137 10
123 138 10
123 142 5
123 143 10
123 146 10
123 150 10
123 151 8
123 152 7
123 153 10
123 160 10
123 161 10
123 165 10
123 169 10
123 170 5
123 171 10
123 173 3
123 180 10
123 181 10
123 182 9
123 188 10
123 189 10
123 190 6
123 191 9
123 192 10
123 193 7
123 195 10
123 199 10
124 125 3
124 127 3
124 128 3
124 129 3
124 131 3
124 132 3
124 133 3
124 134 3
124 137 3
124 138 3
124 142 3
124 143 3
124 146 3
124 150 3
124 151 3
124 152 3
124 153 3
124 160 3
124 161 3
124 165 3
124 169 3
124 170 3
124 171 3
124 173 3
124 180 3
124 181 3
124 182 3
124 188 3
124 189 3
124 190 3
124 191 3
124 192 3
124 193 3
124 195 3
124 199 3
125 126 4
125 135 9
125 136 7
125 139 1
125 140 8
125 144 5
125 145 3
125 147 1
125 148 8
125 149 13
125 154 5
125 155 12
125 156 13
125 158 3
125 159 1
125 162 13
125 163 4
125 164 7
125 166 12
125 167 13
125 168 13
125 172 3
125 174 1
125 175 5
125 176 13
125 177 6
125 178 9
125 179 5
125 183 6
125 184 6
125 185 9
125 187 8
125 194 1
125 196 2
125 197 3
125 198 4
125 200 2
126 127 4
126 128 4
126 129 4
126 131 4
126 132 4
126 133 4
126 134 4
126 137 4
126 138 4
126 142 4
126 143 4
126 146 4
126 150 4
126 151 4
126 152 4
126 153 4
126 160 4
126 161 4
126 165 4
126 169 4
126 170 4
126 171 4
126 173 3
126 180 4
126 181 4
126 182 4
126 188 4
126 189 4
126 190 4
126 191 4
126 192 4
126 193 4
126 195 4
126 199 4
127 135 9
127 136 7
127 139 1
127 140 8
127 144 5
127 145 3
127 147 1
127 148 8
127 149 12
127 154 5
127 155 12
127 156 12
127 158 3
127 159 1
127 162 12
127 163 4
127 164 7
127 166 12
127 167 12
127 168 12
127 172 3
127 174 1
127 175 5
127 176 12
127 177 6
127 178 9
127 179 5
127 183 6
127 184 6
127 185 9
127 187 8
127 194 1
127 196 2
127 197 3
127 198 4
127 200 2
128 135 9
128 136 7
128 139 1
128 140 8
128 144 5
128 145 3
128 147 1
128 148 8
128 149 14
128 154 5
128 155 12
128 156 16
128 158 3
128 159 1
128 162 13
128 163 4
128 164 7
128 166 12
128 167 13
128 168 18
128 172 3
128 174 1
128 175 5
128 176 16
128 177 6
128 178 9
128 179 5
128 183 6
128 184 6
128 185 9
128 187 8
128 194 1
128 196 2
128 197 3
128 198 4
128 200 2
129 135 9
129 136 7
129 139 1
129 140 8
129 144 5
129 145 3
129 147 1
129 148 8
129 149 14
129 154 5
129 155 12
129 156 16
129 158 3
129 159 1
129 162 13
129 163 4
129 164 7
129 166 12
129 167 13
129 168 18
129 172 3
129 174 1
129 175 5
129 176 16
129 177 6
129 178 9
129 179 5
129 183 6
129 184 6
129 185 9
129 187 8
129 194 1
129 196 2
129 197 3
129 198 4
129 200 2
131 135 9
131 136 7
131 139 1
131 140 8
131 144 5
131 145 3
131 147 1
131 148 8
131 149 13
131 154 5
131 155 12
131 156 13
131 158 3
131 159 1
131 162 13
131 163 4
131 164 7
131 166 12
131 167 13
131 168 13
131 172 3
131 174 1
131 175 5
131 176 13
131 177 6
131 178 9
131 179 5
131 183 6
131 184 6
131 185 9
131 187 8
131 194 1
131 196 2
131 197 3
131 198 4
131 200 2
132 135 9
132 136 7
132 139 1
132 140 8
132 144 5
132 145 3
132 147 1
132 148 8
132 149 14
132 154 5
132 155 12
132 156 16
132 158 3
132 159 1
132 162 13
132 163 4
132 164 7
132 166 12
132 167 13
132 168 18
132 172 3
132 174 1
132 175 5
132 176 16
132 177 6
132 178 9
132 179 5
132 183 6
132 184 6
132 185 9
132 187 8
132 194 1
132 196 2
132 197 3
132 198 4
132 200 2
133 135 9
133 136 7
133 139 1
133 140 8
133 144 5
133 145 3
133 147 1
133 148 8
133 149 14
133 154 5
133 155 12
133 156 15
133 158 3
133 159 1
133 162 13
133 163 4
133 164 7
133 166 12
133 167 13
133 168 15
133 172 3
133 174 1
133 175 5
133 176 15
133 177 6
133 178 9
133 179 5
133 183 6
133 184 6
133 185 9
133 187 8
133 194 1
133 196 2
133 197 3
133 198 4
133 200 2
134 135 9
134 136 7
134 139 1
134 140 8
134 144 5
134 145 3
134 147 1
134 148 8
134 149 12
134 154 5
134 155 12
134 156 12
134 158 3
134 159 1
134 162 12
134 163 4
134 164 7
134 166 12
134 167 12
134 168 12
134 172 3
134 174 1
134 175 5
134 176 12
134 177 6
134 178 9
134 179 5
134 183 6
134 184 6
134 185 9
134 187 8
134 194 1
134 196 2
134 197 3
134 198 4
134 200 2
135 137 9
135 138 9
135 142 5
135 143 9
135 146 9
135 150 9
135 151 8
135 152 7
135 153 9
135 160 9
135 161 9
135 165 9
135 169 9
135 170 5
135 171 9
135 173 3
135 180 9
135 181 9
135 182 9
135 188 9
135 189 9
135 190 6
135 191 9
135 192 9
135 193 7
135 195 9
135 199 9
136 137 7
136 138 7
136 142 5
136 143 7
136 146 7
136 150 7
136 151 7
136 152 7
136 153 7
136 160 7
136 161 7
136 165 7
136 169 7
136 170 5
136 171 7
136 173 3
136 180 7
136 181 7
136 182 7
136 188 7
136 189 7
136 190 6
136 191 7
136 192 7
136 193 7
136 195 7
136 199 7
137 139 1
137 140 8
137 144 5
137 145 3
137 147 1
137 148 8
137 149 14
137 154 5
137 155 12
137 156 16
137 158 3
137 159 1
137 162 13
137 163 4
137 164 7
137 166 12
137 167 13
137 168 18
137 172 3
137 174 1
137 175 5
137 176 16
137 177 6
137 178 9
137 179 5
137 183 6
137 184 6
137 185 9
137 187 8
137 194 1
137 196 2
137 197 3
137 198 4
137 200 2
138 139 1
138 140 8
138 144 5
138 145 3
138 147 1
138 148 8
138 149 13
138 154 5
138 155 12
138 156 13
138 158 3
138 159 1
138 162 13
138 163 4
138 164 7
138 166 12
138 167 13
138 168 13
138 172 3
138 174 1
138 175 5
138 176 13
138 177 6
138 178 9
138 179 5
138 183 6
138 184 6
138 185 9
138 187 8
138 194 1
138 196 2
138 197 3
138 198 4
138 200 2
139 142 1
139 143 1
139 146 1
139 150 1
139 151 1
139 152 1
139 153 1
139 160 1
139 161 1
139 165 1
139 169 1
139 170 1
139 171 1
139 173 1
139 180 1
139 181 1
139 182 1
139 188 1
139 189 1
139 190 1
139 191 1
139 192 1
139 193 1
139 195 1
139 199 1
140 142 5
140 143 8
140 146 8
140 150 8
140 151 8
140 152 7
140 153 8
140 160 8
140 161 8
140 165 8
140 169 8
140 170 5
140 171 8
140 173 3
140 180 8
140 181 8
140 182 8
140 188 8
140 189 8
140 190 6
140 191 8
140 192 8
140 193 7
140 195 8
140 199 8
142 144 5
142 145 3
142 147 1
142 148 5
142 149 5
142 154 5
142 155 5
142 156 5
142 158 3
142 159 1
142 162 5
142 163 4
142 164 5
142 166 5
142 167 5
142 168 5
142 172 3
142 174 1
142 175 5
142 176 5
142 177 5
142 178 5
142 179 5
142 183 5
142 184 5
142 185 5
142 187 5
142 194 1
142 196 2
142 197 3
142 198 4
142 200 2
143 144 5
143 145 3
143 147 1
143 148 8
143 149 11
143 154 5
143 155 11
143 156 11
143 158 3
143 159 1
143 162 11
143 163 4
143 164 7
143 166 11
143 167 11
143 168 11
143 172 3
143 174 1
143 175 5
143 176 11
143 177 6
143 178 9
143 179 5
143 183 6
143 184 6
143 185 9
143 187 8
143 194 1
143 196 2
143 197 3
143 198 4
143 200 2
144 146 5
144 150 5
144 151 5
144 152 5
144 153 5
144 160 5
144 161 5
144 165 5
144 169 5
144 170 5
144 171 5
144 173 3
144 180 5
144 181 5
144 182 5
144 188 5
144 189 5
144 190 5
144 191 5
144 192 5
144 193 5
144 195 5
144 199 5
145 146 3
145 150 3
145 151 3
145 152 3
145 153 3
145 160 3
145 161 3
145 165 3
145 169 3
145 170 3
145 171 3
145 173 3
145 180 3
145 181 3
145 182 3
145 188 3
145 189 3
145 190 3
145 191 3
145 192 3
145 193 3
145 195 3
145 199 3
146 147 1
146 148 8
146 149 14
146 154 5
146 155 12
146 156 14
146 158 3
146 159 1
146 162 13
146 163 4
146 164 7
146 166 12
146 167 13
146 168 14
146 172 3
146 174 1
146 175 5
146 176 14
146 177 6
146 178 9
146 179 5
146 183 6
146 184 6
146 185 9
146 187 8
146 194 1
146 196 2
146 197 3
146 198 4
146 200 2
147 150 1
147 151 1
147 152 1
147 153 1
147 160 1
147 161 1
147 165 1
147 169 1
147 170 1
147 171 1
147 173 1
147 180 1
147 181 1
147 182 1
147 188 1
147 189 1
147 190 1
147 191 1
147 192 1
147 193 1
147 195 1
147 199 1
148 150 8
148 151 8
148 152 7
148 153 8
148 160 8
148 161 8
148 165 8
148 169 8
148 170 5
148 171 8
148 173 3
148 180 8
148 181 8
148 182 8
148 188 8
148 189 8
148 190 6
148 191 8
148 192 8
148 193 7
148 195 8
148 199 8
149 150 14
149 151 8
149 152 7
149 153 10
149 160 14
149 161 14
149 165 12
149 169 14
149 170 5
149 171 12
149 173 3
149 180 14
149 181 14
149 182 9
149 188 10
149 189 14
149 190 6
149 191 9
149 192 14
149 193 7
149 195 14
149 199 14
150 154 5
150 155 12
150 156 16
150 158 3
150 159 1
150 162 13
150 163 4
150 164 7
150 166 12
150 167 13
150 168 18
150 172 3
150 174 1
150 175 5
150 176 16
150 177 6
150 178 9
150 179 5
150 183 6
150 184 6
150 185 9
150 187 8
150 194 1
150 196 2
150 197 3
150 198 4
150 200 2
151 154 5
151 155 8
151 156 8
151 158 3
151 159 1
151 162 8
151 163 4
151 164 7
151 166 8
151 167 8
151 168 8
151 172 3
151 174 1
151 175 5
151 176 8
151 177 6
151 178 8
151 179 5
151 183 6
151 184 6
151 185 8
151 187 8
151 194 1
151 196 2
151 197 3
151 198 4
151 200 2
152 154 5
152 155 7
152 156 7
152 158 3
152 159 1
152 162 7
152 163 4
152 164 7
152 166 7
152 167 7
152 168 7
152 172 3
152 174 1
152 175 5
152 176 7
152 177 6
152 178 7
152 179 5
152 183 6
152 184 6
152 185 7
152 187 7
152 194 1
152 196 2
152 197 3
152 198 4
152 200 2
153 154 5
153 155 10
153 156 10
153 158 3
153 159 1
153 162 10
153 163 4
153 164 7
153 166 10
153 167 10
153 168 10
153 172 3
153 174 1
153 175 5
153 176 10
153 177 6
153 178 9
153 179 5
153 183 6
153 184 6
153 185 9
153 187 8
153 194 1
153 196 2
153 197 3
153 198 4
153 200 2
154 160 5
154 161 5
154 165 5
154 169 5
154 170 5
154 171 5
154 173 3
154 180 5
154 181 5
154 182 5
154 188 5
154 189 5
154 190 5
154 191 5
154 192 5
154 193 5
154 195 5
154 199 5
155 160 12
155 161 12
155 165 12
155 169 12
155 170 5
155 171 12
155 173 3
155 180 12
155 181 12
155 182 9
155 188 10
155 189 12
155 190 6
155 191 9
155 192 12
155 193 7
155 195 12
155 199 12
156 160 16
156 161 14
156 165 12
156 169 15
156 170 5
156 171 12
156 173 3
156 180 16
156 181 16
156 182 9
156 188 10
156 189 16
156 190 6
156 191 9
156 192 16
156 193 7
156 195 16
156 199 16
158 160 3
158 161 3
158 165 3
158 169 3
158 170 3
158 171 3
158 173 3
158 180 3
158 181 3
158 182 3
158 188 3
158 189 3
158 190 3
158 191 3
158 192 3
158 193 3
158 195 3
158 199 3
159 160 1
159 161 1
159 165 1
159 169 1
159 170 1
159 171 1
159 173 1
159 180 1
159 181 1
159 182 1
159 188 1
159 189 1
159 190 1
159 191 1
159 192 1
159 193 1
159 195 1
159 199 1
160 162 13
160 163 4
160 164 7
160 166 12
160 167 13
160 168 18
160 172 3
160 174 1
160 175 5
160 176 16
160 177 6
160 178 9
160 179 5
160 183 6
160 184 6
160 185 9
160 187 8
160 194 1
160 196 2
160 197 3
160 198 4
160 200 2
161 162 13
161 163 4
161 164 7
161 166 12
161 167 13
161 168 14
161 172 3
161 174 1
161 175 5
161 176 14
161 177 6
161 178 9
161 179 5
161 183 6
161 184 6
161 185 9
161 187 8
161 194 1
161 196 2
161 197 3
161 198 4
161 200 2
162 165 12
162 169 13
162 170 5
162 171 12
162 173 3
162 180 13
162 181 13
162 182 9
162 188 10
162 189 13
162 190 6
162 191 9
162 192 13
162 193 7
162 195 13
162 199 13
163 165 4
163 169 4
163 170 4
163 171 4
163 173 3
163 180 4
163 181 4
163 182 4
163 188 4
163 189 4
163 190 4
163 191 4
163 192 4
163 193 4
163 195 4
163 199 4
164 165 7
164 169 7
164 170 5
164 171 7
164 173 3
164 180 7
164 181 7
164 182 7
164 188 7
164 189 7
164 190 6
164 191 7
164 192 7
164 193 7
164 195 7
164 199 7
165 166 12
165 167 12
165 168 12
165 172 3
165 174 1
165 175 5
165 176 12
165 177 6
165 178 9
165 179 5
165 183 6
165 184 6
165 185 9
165 187 8
165 194 1
165 196 2
165 197 3
165 198 4
165 200 2
166 169 12
166 170 5
166 171 12
166 173 3
166 180 12
166 181 12
166 182 9
166 188 10
166 189 12
166 190 6
166 191 9
166 192 12
166 193 7
166 195 12
166 199 12
167 169 13
167 170 5
167 171 12
167 173 3
167 180 13
167 181 13
167 182 9
167 188 10
167 189 13
167 190 6
167 191 9
167 192 13
167 193 7
167 195 13
167 199 13
168 169 15
168 170 5
168 171 12
168 173 3
168 180 18
168 181 18
168 182 9
168 188 10
168 189 18
168 190 6
168 191 9
168 192 18
168 193 7
168 195 17
168 199 17
169 172 3
169 174 1
169 175 5
169 176 15
169 177 6
169 178 9
169 179 5
169 183 6
169 184 6
169 185 9
169 187 8
169 194 1
169 196 2
169 197 3
169 198 4
169 200 2
170 172 3
170 174 1
170 175 5
170 176 5
170 177 5
170 178 5
170 179 5
170 183 5
170 184 5
170 185 5
170 187 5
170 194 1
170 196 2
170 197 3
170 198 4
170 200 2
171 172 3
171 174 1
171 175 5
171 176 12
171 177 6
171 178 9
171 179 5
171 183 6
171 184 6
171 185 9
171 187 8
171 194 1
171 196 2
171 197 3
171 198 4
171 200 2
172 173 3
172 180 3
172 181 3
172 182 3
172 188 3
172 189 3
172 190 3
172 191 3
172 192 3
172 193 3
172 195 3
172 199 3
173 174 1
173 175 3
173 176 3
173 177 3
173 178 3
173 179 3
173 183 3
173 184 3
173 185 3
173 187 3
173 194 1
173 196 2
173 197 3
173 198 3
173 200 2
174 180 1
174 181 1
174 182 1
174 188 1
174 189 1
174 190 1
174 191 1
174 192 1
174 193 1
174 195 1
174 199 1
175 180 5
175 181 5
175 182 5
175 188 5
175 189 5
175 190 5
175 191 5
175 192 5
175 193 5
175 195 5
175 199 5
176 180 16
176 181 16
176 182 9
176 188 10
176 189 16
176 190 6
176 191 9
176 192 16
176 193 7
176 195 16
176 199 16
177 180 6
177 181 6
177 182 6
177 188 6
177 189 6
177 190 6
177 191 6
177 192 6
177 193 6
177 195 6
177 199 6
178 180 9
178 181 9
178 182 9
178 188 9
178 189 9
178 190 6
178 191 9
178 192 9
178 193 7
178 195 9
178 199 9
179 180 5
179 181 5
179 182 5
179 188 5
179 189 5
179 190 5
179 191 5
179 192 5
179 193 5
179 195 5
179 199 5
180 183 6
180 184 6
180 185 9
180 187 8
180 194 1
180 196 2
180 197 3
180 198 4
180 200 2
181 183 6
181 184 6
181 185 9
181 187 8
181 194 1
181 196 2
181 197 3
181 198 4
181 200 2
182 183 6
182 184 6
182 185 9
182 187 8
182 194 1
182 196 2
182 197 3
182 198 4
182 200 2
183 188 6
183 189 6
183 190 6
183 191 6
183 192 6
183 193 6
183 195 6
183 199 6
184 188 6
184 189 6
184 190 6
184 191 6
184 192 6
184 193 6
184 195 6
184 199 6
185 188 9
185 189 9
185 190 6
185 191 9
185 192 9
185 193 7
185 195 9
185 199 9
187 188 8
187 189 8
187 190 6
187 191 8
187 192 8
187 193 7
187 195 8
187 199 8
188 194 1
188 196 2
188 197 3
188 198 4
188 200 2
189 194 1
189 196 2
189 197 3
189 198 4
189 200 2
190 194 1
190 196 2
190 197 3
190 198 4
190 200 2
191 194 1
191 196 2
191 197 3
191 198 4
191 200 2
192 194 1
192 196 2
192 197 3
192 198 4
192 200 2
193 194 1
193 196 2
193 197 3
193 198 4
193 200 2
194 195 1
194 199 1
195 196 2
195 197 3
195 198 4
195 200 2
196 199 2
197 199 3
198 199 4
199 200 2
