200 6935
10 4
12 10
2 4
12 14
14 3
13 14
1 8
15 9
4 15
11 11
8 4
5 3
14 13
8 13
7 11
12 8
6 15
3 7
10 14
13 1
8 10
6 15
9 5
9 5
11 11
15 3
6 11
12 11
8 11
1 6
6 4
13 3
4 7
10 13
12 14
13 4
8 3
4 9
15 4
13 10
6 4
5 11
14 8
13 13
4 13
3 9
2 7
4 5
14 5
9 10
3 14
14 2
1 9
10 7
4 14
9 9
2 5
4 7
12 1
11 15
6 5
1 7
12 4
3 2
8 11
11 10
9 1
11 2
1 13
15 4
11 8
12 5
4 7
3 1
15 6
7 5
10 7
11 13
2 13
14 1
15 2
2 1
9 5
2 2
2 1
5 4
1 9
15 4
15 10
11 14
15 3
10 9
1 5
14 3
9 4
10 1
12 12
1 6
1 9
14 9
1 3
4 1
11 11
12 3
5 7
8 4
9 3
4 2
14 9
4 8
13 13
15 9
1 15
6 8
15 4
8 15
14 12
8 1
14 4
3 3
2 11
13 3
5 1
4 3
2 14
2 14
3 1
14 4
7 12
3 6
7 3
6 5
14 5
6 4
15 15
6 1
2 3
10 6
10 13
1 11
11 2
1 6
3 7
1 1
3 3
14 9
5 11
6 10
15 11
13 14
2 10
14 4
4 9
1 14
13 1
1 1
3 9
6 12
7 13
12 1
7 2
1 4
12 6
13 11
8 3
9 10
4 15
5 8
15 5
13 12
6 5
4 15
5 1
11 11
13 14
11 5
1 12
8 12
2 12
8 2
6 8
11 2
7 15
9 13
11 13
2 8
9 5
7 14
6 2
9 10
8 12
14 15
15 13
3 8
2 2
9 7
10 11
8 8
2 8
6 13
1 3 1
1 4 5
1 6 5
1 9 2
1 14 4
1 15 3
1 17 3
1 18 1
1 19 5
1 21 4
1 22 3
1 27 3
1 29 4
1 33 2
1 34 5
1 35 5
1 38 2
1 42 2
1 45 2
1 46 1
1 47 1
1 48 2
1 50 4
1 51 1
1 55 2
1 57 1
1 58 2
1 60 5
1 65 4
1 73 2
1 78 5
1 79 1
1 90 5
1 105 2
1 110 2
1 114 3
1 116 4
1 121 1
1 125 1
1 126 1
1 129 3
1 130 1
1 137 1
1 139 5
1 143 1
1 147 2
1 148 3
1 150 5
1 151 1
1 153 2
1 157 1
1 158 3
1 159 3
1 166 4
1 167 2
1 168 2
1 172 2
1 175 5
1 178 4
1 179 1
1 181 3
1 183 3
1 184 4
1 185 5
1 186 1
1 188 3
1 190 4
1 191 4
1 192 5
1 194 1
1 197 5
1 199 1
1 200 3
2 3 1
2 4 6
2 6 6
2 9 2
2 14 4
2 15 3
2 17 3
2 18 1
2 19 5
2 21 4
2 22 3
2 27 3
2 29 4
2 33 2
2 34 5
2 35 6
2 38 2
2 42 2
2 45 2
2 46 1
2 47 1
2 48 2
2 50 4
2 51 1
2 55 2
2 57 1
2 58 2
2 60 5
2 65 4
2 73 2
2 78 5
2 79 1
2 90 5
2 105 2
2 110 2
2 114 3
2 116 4
2 121 1
2 125 1
2 126 1
2 129 3
2 130 1
2 137 1
2 139 5
2 143 1
2 147 2
2 148 3
2 150 6
2 151 1
2 153 2
2 157 1
2 158 3
2 159 3
2 166 4
2 167 2
2 168 2
2 172 2
2 175 6
2 178 4
2 179 1
2 181 3
2 183 3
2 184 4
2 185 5
2 186 1
2 188 3
2 190 4
2 191 4
2 192 6
2 194 1
2 197 5
2 199 1
2 200 3
3 5 1
3 8 1
3 11 1
3 12 1
3 13 1
3 16 1
3 20 1
3 23 1
3 24 1
3 26 1
3 28 1
3 31 1
3 32 1
3 36 1
3 37 1
3 39 1
3 40 1
3 41 1
3 43 1
3 49 1
3 52 1
3 54 1
3 59 1
3 61 1
3 63 1
3 64 1
3 66 1
3 67 1
3 68 1
3 70 1
3 71 1
3 72 1
3 74 1
3 75 1
3 76 1
3 77 1
3 80 1
3 81 1
3 82 1
3 83 1
3 85 1
3 86 1
3 88 1
3 89 1
3 91 1
3 92 1
3 94 1
3 95 1
3 96 1
3 100 1
3 102 1
3 104 1
3 106 1
3 107 1
3 108 1
3 109 1
3 112 1
3 115 1
3 117 1
3 118 1
3 119 1
3 122 1
3 123 1
3 124 1
3 127 1
3 128 1
3 131 1
3 132 1
3 133 1
3 134 1
3 136 1
3 138 1
3 141 1
3 146 1
3 149 1
3 152 1
3 155 1
3 160 1
3 161 1
3 163 1
3 164 1
3 165 1
3 169 1
3 170 1
3 171 1
3 173 1
3 176 1
3 180 1
3 182 1
3 187 1
3 189 1
3 193 1
3 196 1
4 5 6
4 8 6
4 11 4
4 12 2
4 13 6
4 16 6
4 20 6
4 23 4
4 24 4
4 26 6
4 28 6
4 31 3
4 32 6
4 36 6
4 37 4
4 39 6
4 40 6
4 41 3
4 43 6
4 49 6
4 52 6
4 54 5
4 59 6
4 61 3
4 63 6
4 64 1
4 66 5
4 67 4
4 68 5
4 70 6
4 71 5
4 72 6
4 74 1
4 75 6
4 76 3
4 77 5
4 80 6
4 81 6
4 82 1
4 83 4
4 85 1
4 86 2
4 88 6
4 89 6
4 91 6
4 92 5
4 94 6
4 95 4
4 96 5
4 100 6
4 102 2
4 104 6
4 106 4
4 107 4
4 108 2
4 109 6
4 112 6
4 115 6
4 117 6
4 118 4
4 119 6
4 122 6
4 123 2
4 124 2
4 127 1
4 128 6
4 131 3
4 132 3
4 133 6
4 134 3
4 136 3
4 138 5
4 141 5
4 146 6
4 149 6
4 152 6
4 155 6
4 160 6
4 161 3
4 163 6
4 164 6
4 165 4
4 169 6
4 170 6
4 171 3
4 173 2
4 176 5
4 180 4
4 182 5
4 187 4
4 189 3
4 193 6
4 196 4
5 6 6
5 9 2
5 14 4
5 15 3
5 17 3
5 18 1
5 19 5
5 21 4
5 22 3
5 27 3
5 29 4
5 33 2
5 34 5
5 35 6
5 38 2
5 42 2
5 45 2
5 46 1
5 47 1
5 48 2
5 50 4
5 51 1
5 55 2
5 57 1
5 58 2
5 60 5
5 65 4
5 73 2
5 78 5
5 79 1
5 90 5
5 105 2
5 110 2
5 114 3
5 116 4
5 121 1
5 125 1
5 126 1
5 129 3
5 130 1
5 137 1
5 139 5
5 143 1
5 147 2
5 148 3
5 150 6
5 151 1
5 153 2
5 157 1
5 158 3
5 159 3
5 166 4
5 167 2
5 168 2
5 172 2
5 175 6
5 178 4
5 179 1
5 181 3
5 183 3
5 184 4
5 185 5
5 186 1
5 188 3
5 190 4
5 191 4
5 192 7
5 194 1
5 197 5
5 199 1
5 200 3
6 8 6
6 11 4
6 12 2
6 13 6
6 16 6
6 20 6
6 23 4
6 24 4
6 26 6
6 28 6
6 31 3
6 32 6
6 36 6
6 37 4
6 39 6
6 40 6
6 41 3
6 43 6
6 49 6
6 52 6
6 54 5
6 59 6
6 61 3
6 63 6
6 64 1
6 66 5
6 67 4
6 68 5
6 70 6
6 71 5
6 72 6
6 74 1
6 75 6
6 76 3
6 77 5
6 80 6
6 81 6
6 82 1
6 83 4
6 85 1
6 86 2
6 88 6
6 89 6
6 91 6
6 92 5
6 94 6
6 95 4
6 96 5
6 100 6
6 102 2
6 104 6
6 106 4
6 107 4
6 108 2
6 109 6
6 112 6
6 115 6
6 117 6
6 118 4
6 119 6
6 122 6
6 123 2
6 124 2
6 127 1
6 128 6
6 131 3
6 132 3
6 133 6
6 134 3
6 136 3
6 138 5
6 141 5
6 146 6
6 149 6
6 152 6
6 155 6
6 160 6
6 161 3
6 163 6
6 164 6
6 165 4
6 169 6
6 170 6
6 171 3
6 173 2
6 176 5
6 180 4
6 182 5
6 187 4
6 189 3
6 193 6
6 196 4
8 9 2
8 14 4
8 15 3
8 17 3
8 18 1
8 19 5
8 21 4
8 22 3
8 27 3
8 29 4
8 33 2
8 34 5
8 35 6
8 38 2
8 42 2
8 45 2
8 46 1
8 47 1
8 48 2
8 50 4
8 51 1
8 55 2
8 57 1
8 58 2
8 60 5
8 65 4
8 73 2
8 78 5
8 79 1
8 90 5
8 105 2
8 110 2
8 114 3
8 116 4
8 121 1
8 125 1
8 126 1
8 129 3
8 130 1
8 137 1
8 139 5
8 143 1
8 147 2
8 148 3
8 150 6
8 151 1
8 153 2
8 157 1
8 158 3
8 159 3
8 166 4
8 167 2
8 168 2
8 172 2
8 175 6
8 178 4
8 179 1
8 181 3
8 183 3
8 184 4
8 185 5
8 186 1
8 188 3
8 190 4
8 191 4
8 192 7
8 194 1
8 197 5
8 199 1
8 200 3
9 11 2
9 12 2
9 13 2
9 16 2
9 20 2
9 23 2
9 24 2
9 26 2
9 28 2
9 31 2
9 32 2
9 36 2
9 37 2
9 39 2
9 40 2
9 41 2
9 43 2
9 49 2
9 52 2
9 54 2
9 59 2
9 61 2
9 63 2
9 64 1
9 66 2
9 67 2
9 68 2
9 70 2
9 71 2
9 72 2
9 74 1
9 75 2
9 76 2
9 77 2
9 80 2
9 81 2
9 82 1
9 83 2
9 85 1
9 86 2
9 88 2
9 89 2
9 91 2
9 92 2
9 94 2
9 95 2
9 96 2
9 100 2
9 102 2
9 104 2
9 106 2
9 107 2
9 108 2
9 109 2
9 112 2
9 115 2
9 117 2
9 118 2
9 119 2
9 122 2
9 123 2
9 124 2
9 127 1
9 128 2
9 131 2
9 132 2
9 133 2
9 134 2
9 136 2
9 138 2
9 141 2
9 146 2
9 149 2
9 152 2
9 155 2
9 160 2
9 161 2
9 163 2
9 164 2
9 165 2
9 169 2
9 170 2
9 171 2
9 173 2
9 176 2
9 180 2
9 182 2
9 187 2
9 189 2
9 193 2
9 196 2
11 14 4
11 15 3
11 17 3
11 18 1
11 19 4
11 21 4
11 22 3
11 27 3
11 29 4
11 33 2
11 34 4
11 35 4
11 38 2
11 42 2
11 45 2
11 46 1
11 47 1
11 48 2
11 50 4
11 51 1
11 55 2
11 57 1
11 58 2
11 60 4
11 65 4
11 73 2
11 78 4
11 79 1
11 90 4
11 105 2
11 110 2
11 114 3
11 116 4
11 121 1
11 125 1
11 126 1
11 129 3
11 130 1
11 137 1
11 139 4
11 143 1
11 147 2
11 148 3
11 150 4
11 151 1
11 153 2
11 157 1
11 158 3
11 159 3
11 166 4
11 167 2
11 168 2
11 172 2
11 175 4
11 178 4
11 179 1
11 181 3
11 183 3
11 184 4
11 185 4
11 186 1
11 188 3
11 190 4
11 191 4
11 192 4
11 194 1
11 197 4
11 199 1
11 200 3
12 14 2
12 15 2
12 17 2
12 18 1
12 19 2
12 21 2
12 22 2
12 27 2
12 29 2
12 33 2
12 34 2
12 35 2
12 38 2
12 42 2
12 45 2
12 46 1
12 47 1
12 48 2
12 50 2
12 51 1
12 55 2
12 57 1
12 58 2
12 60 2
12 65 2
12 73 2
12 78 2
12 79 1
12 90 2
12 105 2
12 110 2
12 114 2
12 116 2
12 121 1
12 125 1
12 126 1
12 129 2
12 130 1
12 137 1
12 139 2
12 143 1
12 147 2
12 148 2
12 150 2
12 151 1
12 153 2
12 157 1
12 158 2
12 159 2
12 166 2
12 167 2
12 168 2
12 172 2
12 175 2
12 178 2
12 179 1
12 181 2
12 183 2
12 184 2
12 185 2
12 186 1
12 188 2
12 190 2
12 191 2
12 192 2
12 194 1
12 197 2
12 199 1
12 200 2
13 14 4
13 15 3
13 17 3
13 18 1
13 19 5
13 21 4
13 22 3
13 27 3
13 29 4
13 33 2
13 34 5
13 35 6
13 38 2
13 42 2
13 45 2
13 46 1
13 47 1
13 48 2
13 50 4
13 51 1
13 55 2
13 57 1
13 58 2
13 60 5
13 65 4
13 73 2
13 78 5
13 79 1
13 90 5
13 105 2
13 110 2
13 114 3
13 116 4
13 121 1
13 125 1
13 126 1
13 129 3
13 130 1
13 137 1
13 139 5
13 143 1
13 147 2
13 148 3
13 150 6
13 151 1
13 153 2
13 157 1
13 158 3
13 159 3
13 166 4
13 167 2
13 168 2
13 172 2
13 175 6
13 178 4
13 179 1
13 181 3
13 183 3
13 184 4
13 185 5
13 186 1
13 188 3
13 190 4
13 191 4
13 192 7
13 194 1
13 197 5
13 199 1
13 200 3
14 16 4
14 20 4
14 23 4
14 24 4
14 26 4
14 28 4
14 31 3
14 32 4
14 36 4
14 37 4
14 39 4
14 40 4
14 41 3
14 43 4
14 49 4
14 52 4
14 54 4
14 59 4
14 61 3
14 63 4
14 64 1
14 66 4
14 67 4
14 68 4
14 70 4
14 71 4
14 72 4
14 74 1
14 75 4
14 76 3
14 77 4
14 80 4
14 81 4
14 82 1
14 83 4
14 85 1
14 86 2
14 88 4
14 89 4
14 91 4
14 92 4
14 94 4
14 95 4
14 96 4
14 100 4
14 102 2
14 104 4
14 106 4
14 107 4
14 108 2
14 109 4
14 112 4
14 115 4
14 117 4
14 118 4
14 119 4
14 122 4
14 123 2
14 124 2
14 127 1
14 128 4
14 131 3
14 132 3
14 133 4
14 134 3
14 136 3
14 138 4
14 141 4
14 146 4
14 149 4
14 152 4
14 155 4
14 160 4
14 161 3
14 163 4
14 164 4
14 165 4
14 169 4
14 170 4
14 171 3
14 173 2
14 176 4
14 180 4
14 182 4
14 187 4
14 189 3
14 193 4
14 196 4
15 16 3
15 20 3
15 23 3
15 24 3
15 26 3
15 28 3
15 31 3
15 32 3
15 36 3
15 37 3
15 39 3
15 40 3
15 41 3
15 43 3
15 49 3
15 52 3
15 54 3
15 59 3
15 61 3
15 63 3
15 64 1
15 66 3
15 67 3
15 68 3
15 70 3
15 71 3
15 72 3
15 74 1
15 75 3
15 76 3
15 77 3
15 80 3
15 81 3
15 82 1
15 83 3
15 85 1
15 86 2
15 88 3
15 89 3
15 91 3
15 92 3
15 94 3
15 95 3
15 96 3
15 100 3
15 102 2
15 104 3
15 106 3
15 107 3
15 108 2
15 109 3
15 112 3
15 115 3
15 117 3
15 118 3
15 119 3
15 122 3
15 123 2
15 124 2
15 127 1
15 128 3
15 131 3
15 132 3
15 133 3
15 134 3
15 136 3
15 138 3
15 141 3
15 146 3
15 149 3
15 152 3
15 155 3
15 160 3
15 161 3
15 163 3
15 164 3
15 165 3
15 169 3
15 170 3
15 171 3
15 173 2
15 176 3
15 180 3
15 182 3
15 187 3
15 189 3
15 193 3
15 196 3
16 17 3
16 18 1
16 19 5
16 21 4
16 22 3
16 27 3
16 29 4
16 33 2
16 34 5
16 35 6
16 38 2
16 42 2
16 45 2
16 46 1
16 47 1
16 48 2
16 50 4
16 51 1
16 55 2
16 57 1
16 58 2
16 60 5
16 65 4
16 73 2
16 78 5
16 79 1
16 90 5
16 105 2
16 110 2
16 114 3
16 116 4
16 121 1
16 125 1
16 126 1
16 129 3
16 130 1
16 137 1
16 139 5
16 143 1
16 147 2
16 148 3
16 150 6
16 151 1
16 153 2
16 157 1
16 158 3
16 159 3
16 166 4
16 167 2
16 168 2
16 172 2
16 175 6
16 178 4
16 179 1
16 181 3
16 183 3
16 184 4
16 185 5
16 186 1
16 188 3
16 190 4
16 191 4
16 192 6
16 194 1
16 197 5
16 199 1
16 200 3
17 20 3
17 23 3
17 24 3
17 26 3
17 28 3
17 31 3
17 32 3
17 36 3
17 37 3
17 39 3
17 40 3
17 41 3
17 43 3
17 49 3
17 52 3
17 54 3
17 59 3
17 61 3
17 63 3
17 64 1
17 66 3
17 67 3
17 68 3
17 70 3
17 71 3
17 72 3
17 74 1
17 75 3
17 76 3
17 77 3
17 80 3
17 81 3
17 82 1
17 83 3
17 85 1
17 86 2
17 88 3
17 89 3
17 91 3
17 92 3
17 94 3
17 95 3
17 96 3
17 100 3
17 102 2
17 104 3
17 106 3
17 107 3
17 108 2
17 109 3
17 112 3
17 115 3
17 117 3
17 118 3
17 119 3
17 122 3
17 123 2
17 124 2
17 127 1
17 128 3
17 131 3
17 132 3
17 133 3
17 134 3
17 136 3
17 138 3
17 141 3
17 146 3
17 149 3
17 152 3
17 155 3
17 160 3
17 161 3
17 163 3
17 164 3
17 165 3
17 169 3
17 170 3
17 171 3
17 173 2
17 176 3
17 180 3
17 182 3
17 187 3
17 189 3
17 193 3
17 196 3
18 20 1
18 23 1
18 24 1
18 26 1
18 28 1
18 31 1
18 32 1
18 36 1
18 37 1
18 39 1
18 40 1
18 41 1
18 43 1
18 49 1
18 52 1
18 54 1
18 59 1
18 61 1
18 63 1
18 64 1
18 66 1
18 67 1
18 68 1
18 70 1
18 71 1
18 72 1
18 74 1
18 75 1
18 76 1
18 77 1
18 80 1
18 81 1
18 82 1
18 83 1
18 85 1
18 86 1
18 88 1
18 89 1
18 91 1
18 92 1
18 94 1
18 95 1
18 96 1
18 100 1
18 102 1
18 104 1
18 106 1
18 107 1
18 108 1
18 109 1
18 112 1
18 115 1
18 117 1
18 118 1
18 119 1
18 122 1
18 123 1
18 124 1
18 127 1
18 128 1
18 131 1
18 132 1
18 133 1
18 134 1
18 136 1
18 138 1
18 141 1
18 146 1
18 149 1
18 152 1
18 155 1
18 160 1
18 161 1
18 163 1
18 164 1
18 165 1
18 169 1
18 170 1
18 171 1
18 173 1
18 176 1
18 180 1
18 182 1
18 187 1
18 189 1
18 193 1
18 196 1
19 20 5
19 23 4
19 24 4
19 26 5
19 28 5
19 31 3
19 32 5
19 36 5
19 37 4
19 39 5
19 40 5
19 41 3
19 43 5
19 49 5
19 52 5
19 54 5
19 59 5
19 61 3
19 63 5
19 64 1
19 66 5
19 67 4
19 68 5
19 70 5
19 71 5
19 72 5
19 74 1
19 75 5
19 76 3
19 77 5
19 80 5
19 81 5
19 82 1
19 83 4
19 85 1
19 86 2
19 88 5
19 89 5
19 91 5
19 92 5
19 94 5
19 95 4
19 96 5
19 100 5
19 102 2
19 104 5
19 106 4
19 107 4
19 108 2
19 109 5
19 112 5
19 115 5
19 117 5
19 118 4
19 119 5
19 122 5
19 123 2
19 124 2
19 127 1
19 128 5
19 131 3
19 132 3
19 133 5
19 134 3
19 136 3
19 138 5
19 141 5
19 146 5
19 149 5
19 152 5
19 155 5
19 160 5
19 161 3
19 163 5
19 164 5
19 165 4
19 169 5
19 170 5
19 171 3
19 173 2
19 176 5
19 180 4
19 182 5
19 187 4
19 189 3
19 193 5
19 196 4
20 21 4
20 22 3
20 27 3
20 29 4
20 33 2
20 34 5
20 35 6
20 38 2
20 42 2
20 45 2
20 46 1
20 47 1
20 48 2
20 50 4
20 51 1
20 55 2
20 57 1
20 58 2
20 60 5
20 65 4
20 73 2
20 78 5
20 79 1
20 90 5
20 105 2
20 110 2
20 114 3
20 116 4
20 121 1
20 125 1
20 126 1
20 129 3
20 130 1
20 137 1
20 139 5
20 143 1
20 147 2
20 148 3
20 150 6
20 151 1
20 153 2
20 157 1
20 158 3
20 159 3
20 166 4
20 167 2
20 168 2
20 172 2
20 175 6
20 178 4
20 179 1
20 181 3
20 183 3
20 184 4
20 185 5
20 186 1
20 188 3
20 190 4
20 191 4
20 192 6
20 194 1
20 197 5
20 199 1
20 200 3
21 23 4
21 24 4
21 26 4
21 28 4
21 31 3
21 32 4
21 36 4
21 37 4
21 39 4
21 40 4
21 41 3
21 43 4
21 49 4
21 52 4
21 54 4
21 59 4
21 61 3
21 63 4
21 64 1
21 66 4
21 67 4
21 68 4
21 70 4
21 71 4
21 72 4
21 74 1
21 75 4
21 76 3
21 77 4
21 80 4
21 81 4
21 82 1
21 83 4
21 85 1
21 86 2
21 88 4
21 89 4
21 91 4
21 92 4
21 94 4
21 95 4
21 96 4
21 100 4
21 102 2
21 104 4
21 106 4
21 107 4
21 108 2
21 109 4
21 112 4
21 115 4
21 117 4
21 118 4
21 119 4
21 122 4
21 123 2
21 124 2
21 127 1
21 128 4
21 131 3
21 132 3
21 133 4
21 134 3
21 136 3
21 138 4
21 141 4
21 146 4
21 149 4
21 152 4
21 155 4
21 160 4
21 161 3
21 163 4
21 164 4
21 165 4
21 169 4
21 170 4
21 171 3
21 173 2
21 176 4
21 180 4
21 182 4
21 187 4
21 189 3
21 193 4
21 196 4
22 23 3
22 24 3
22 26 3
22 28 3
22 31 3
22 32 3
22 36 3
22 37 3
22 39 3
22 40 3
22 41 3
22 43 3
22 49 3
22 52 3
22 54 3
22 59 3
22 61 3
22 63 3
22 64 1
22 66 3
22 67 3
22 68 3
22 70 3
22 71 3
22 72 3
22 74 1
22 75 3
22 76 3
22 77 3
22 80 3
22 81 3
22 82 1
22 83 3
22 85 1
22 86 2
22 88 3
22 89 3
22 91 3
22 92 3
22 94 3
22 95 3
22 96 3
22 100 3
22 102 2
22 104 3
22 106 3
22 107 3
22 108 2
22 109 3
22 112 3
22 115 3
22 117 3
22 118 3
22 119 3
22 122 3
22 123 2
22 124 2
22 127 1
22 128 3
22 131 3
22 132 3
22 133 3
22 134 3
22 136 3
22 138 3
22 141 3
22 146 3
22 149 3
22 152 3
22 155 3
22 160 3
22 161 3
22 163 3
22 164 3
22 165 3
22 169 3
22 170 3
22 171 3
22 173 2
22 176 3
22 180 3
22 182 3
22 187 3
22 189 3
22 193 3
22 196 3
23 27 3
23 29 4
23 33 2
23 34 4
23 35 4
23 38 2
23 42 2
23 45 2
23 46 1
23 47 1
23 48 2
23 50 4
23 51 1
23 55 2
23 57 1
23 58 2
23 60 4
23 65 4
23 73 2
23 78 4
23 79 1
23 90 4
23 105 2
23 110 2
23 114 3
23 116 4
23 121 1
23 125 1
23 126 1
23 129 3
23 130 1
23 137 1
23 139 4
23 143 1
23 147 2
23 148 3
23 150 4
23 151 1
23 153 2
23 157 1
23 158 3
23 159 3
23 166 4
23 167 2
23 168 2
23 172 2
23 175 4
23 178 4
23 179 1
23 181 3
23 183 3
23 184 4
23 185 4
23 186 1
23 188 3
23 190 4
23 191 4
23 192 4
23 194 1
23 197 4
23 199 1
23 200 3
24 27 3
24 29 4
24 33 2
24 34 4
24 35 4
24 38 2
24 42 2
24 45 2
24 46 1
24 47 1
24 48 2
24 50 4
24 51 1
24 55 2
24 57 1
24 58 2
24 60 4
24 65 4
24 73 2
24 78 4
24 79 1
24 90 4
24 105 2
24 110 2
24 114 3
24 116 4
24 121 1
24 125 1
24 126 1
24 129 3
24 130 1
24 137 1
24 139 4
24 143 1
24 147 2
24 148 3
24 150 4
24 151 1
24 153 2
24 157 1
24 158 3
24 159 3
24 166 4
24 167 2
24 168 2
24 172 2
24 175 4
24 178 4
24 179 1
24 181 3
24 183 3
24 184 4
24 185 4
24 186 1
24 188 3
24 190 4
24 191 4
24 192 4
24 194 1
24 197 4
24 199 1
24 200 3
26 27 3
26 29 4
26 33 2
26 34 5
26 35 6
26 38 2
26 42 2
26 45 2
26 46 1
26 47 1
26 48 2
26 50 4
26 51 1
26 55 2
26 57 1
26 58 2
26 60 5
26 65 4
26 73 2
26 78 5
26 79 1
26 90 5
26 105 2
26 110 2
26 114 3
26 116 4
26 121 1
26 125 1
26 126 1
26 129 3
26 130 1
26 137 1
26 139 5
26 143 1
26 147 2
26 148 3
26 150 6
26 151 1
26 153 2
26 157 1
26 158 3
26 159 3
26 166 4
26 167 2
26 168 2
26 172 2
26 175 6
26 178 4
26 179 1
26 181 3
26 183 3
26 184 4
26 185 5
26 186 1
26 188 3
26 190 4
26 191 4
26 192 7
26 194 1
26 197 5
26 199 1
26 200 3
27 28 3
27 31 3
27 32 3
27 36 3
27 37 3
27 39 3
27 40 3
27 41 3
27 43 3
27 49 3
27 52 3
27 54 3
27 59 3
27 61 3
27 63 3
27 64 1
27 66 3
27 67 3
27 68 3
27 70 3
27 71 3
27 72 3
27 74 1
27 75 3
27 76 3
27 77 3
27 80 3
27 81 3
27 82 1
27 83 3
27 85 1
27 86 2
27 88 3
27 89 3
27 91 3
27 92 3
27 94 3
27 95 3
27 96 3
27 100 3
27 102 2
27 104 3
27 106 3
27 107 3
27 108 2
27 109 3
27 112 3
27 115 3
27 117 3
27 118 3
27 119 3
27 122 3
27 123 2
27 124 2
27 127 1
27 128 3
27 131 3
27 132 3
27 133 3
27 134 3
27 136 3
27 138 3
27 141 3
27 146 3
27 149 3
27 152 3
27 155 3
27 160 3
27 161 3
27 163 3
27 164 3
27 165 3
27 169 3
27 170 3
27 171 3
27 173 2
27 176 3
27 180 3
27 182 3
27 187 3
27 189 3
27 193 3
27 196 3
28 29 4
28 33 2
28 34 5
28 35 6
28 38 2
28 42 2
28 45 2
28 46 1
28 47 1
28 48 2
28 50 4
28 51 1
28 55 2
28 57 1
28 58 2
28 60 5
28 65 4
28 73 2
28 78 5
28 79 1
28 90 5
28 105 2
28 110 2
28 114 3
28 116 4
28 121 1
28 125 1
28 126 1
28 129 3
28 130 1
28 137 1
28 139 5
28 143 1
28 147 2
28 148 3
28 150 6
28 151 1
28 153 2
28 157 1
28 158 3
28 159 3
28 166 4
28 167 2
28 168 2
28 172 2
28 175 6
28 178 4
28 179 1
28 181 3
28 183 3
28 184 4
28 185 5
28 186 1
28 188 3
28 190 4
28 191 4
28 192 6
28 194 1
28 197 5
28 199 1
28 200 3
29 31 3
29 32 4
29 36 4
29 37 4
29 39 4
29 40 4
29 41 3
29 43 4
29 49 4
29 52 4
29 54 4
29 59 4
29 61 3
29 63 4
29 64 1
29 66 4
29 67 4
29 68 4
29 70 4
29 71 4
29 72 4
29 74 1
29 75 4
29 76 3
29 77 4
29 80 4
29 81 4
29 82 1
29 83 4
29 85 1
29 86 2
29 88 4
29 89 4
29 91 4
29 92 4
29 94 4
29 95 4
29 96 4
29 100 4
29 102 2
29 104 4
29 106 4
29 107 4
29 108 2
29 109 4
29 112 4
29 115 4
29 117 4
29 118 4
29 119 4
29 122 4
29 123 2
29 124 2
29 127 1
29 128 4
29 131 3
29 132 3
29 133 4
29 134 3
29 136 3
29 138 4
29 141 4
29 146 4
29 149 4
29 152 4
29 155 4
29 160 4
29 161 3
29 163 4
29 164 4
29 165 4
29 169 4
29 170 4
29 171 3
29 173 2
29 176 4
29 180 4
29 182 4
29 187 4
29 189 3
29 193 4
29 196 4
31 33 2
31 34 3
31 35 3
31 38 2
31 42 2
31 45 2
31 46 1
31 47 1
31 48 2
31 50 3
31 51 1
31 55 2
31 57 1
31 58 2
31 60 3
31 65 3
31 73 2
31 78 3
31 79 1
31 90 3
31 105 2
31 110 2
31 114 3
31 116 3
31 121 1
31 125 1
31 126 1
31 129 3
31 130 1
31 137 1
31 139 3
31 143 1
31 147 2
31 148 3
31 150 3
31 151 1
31 153 2
31 157 1
31 158 3
31 159 3
31 166 3
31 167 2
31 168 2
31 172 2
31 175 3
31 178 3
31 179 1
31 181 3
31 183 3
31 184 3
31 185 3
31 186 1
31 188 3
31 190 3
31 191 3
31 192 3
31 194 1
31 197 3
31 199 1
31 200 3
32 33 2
32 34 5
32 35 6
32 38 2
32 42 2
32 45 2
32 46 1
32 47 1
32 48 2
32 50 4
32 51 1
32 55 2
32 57 1
32 58 2
32 60 5
32 65 4
32 73 2
32 78 5
32 79 1
32 90 5
32 105 2
32 110 2
32 114 3
32 116 4
32 121 1
32 125 1
32 126 1
32 129 3
32 130 1
32 137 1
32 139 5
32 143 1
32 147 2
32 148 3
32 150 6
32 151 1
32 153 2
32 157 1
32 158 3
32 159 3
32 166 4
32 167 2
32 168 2
32 172 2
32 175 6
32 178 4
32 179 1
32 181 3
32 183 3
32 184 4
32 185 5
32 186 1
32 188 3
32 190 4
32 191 4
32 192 6
32 194 1
32 197 5
32 199 1
32 200 3
33 36 2
33 37 2
33 39 2
33 40 2
33 41 2
33 43 2
33 49 2
33 52 2
33 54 2
33 59 2
33 61 2
33 63 2
33 64 1
33 66 2
33 67 2
33 68 2
33 70 2
33 71 2
33 72 2
33 74 1
33 75 2
33 76 2
33 77 2
33 80 2
33 81 2
33 82 1
33 83 2
33 85 1
33 86 2
33 88 2
33 89 2
33 91 2
33 92 2
33 94 2
33 95 2
33 96 2
33 100 2
33 102 2
33 104 2
33 106 2
33 107 2
33 108 2
33 109 2
33 112 2
33 115 2
33 117 2
33 118 2
33 119 2
33 122 2
33 123 2
33 124 2
33 127 1
33 128 2
33 131 2
33 132 2
33 133 2
33 134 2
33 136 2
33 138 2
33 141 2
33 146 2
33 149 2
33 152 2
33 155 2
33 160 2
33 161 2
33 163 2
33 164 2
33 165 2
33 169 2
33 170 2
33 171 2
33 173 2
33 176 2
33 180 2
33 182 2
33 187 2
33 189 2
33 193 2
33 196 2
34 36 5
34 37 4
34 39 5
34 40 5
34 41 3
34 43 5
34 49 5
34 52 5
34 54 5
34 59 5
34 61 3
34 63 5
34 64 1
34 66 5
34 67 4
34 68 5
34 70 5
34 71 5
34 72 5
34 74 1
34 75 5
34 76 3
34 77 5
34 80 5
34 81 5
34 82 1
34 83 4
34 85 1
34 86 2
34 88 5
34 89 5
34 91 5
34 92 5
34 94 5
34 95 4
34 96 5
34 100 5
34 102 2
34 104 5
34 106 4
34 107 4
34 108 2
34 109 5
34 112 5
34 115 5
34 117 5
34 118 4
34 119 5
34 122 5
34 123 2
34 124 2
34 127 1
34 128 5
34 131 3
34 132 3
34 133 5
34 134 3
34 136 3
34 138 5
34 141 5
34 146 5
34 149 5
34 152 5
34 155 5
34 160 5
34 161 3
34 163 5
34 164 5
34 165 4
34 169 5
34 170 5
34 171 3
34 173 2
34 176 5
34 180 4
34 182 5
34 187 4
34 189 3
34 193 5
34 196 4
35 36 6
35 37 4
35 39 6
35 40 6
35 41 3
35 43 6
35 49 6
35 52 6
35 54 5
35 59 6
35 61 3
35 63 6
35 64 1
35 66 5
35 67 4
35 68 5
35 70 6
35 71 5
35 72 6
35 74 1
35 75 6
35 76 3
35 77 5
35 80 6
35 81 6
35 82 1
35 83 4
35 85 1
35 86 2
35 88 6
35 89 6
35 91 6
35 92 5
35 94 6
35 95 4
35 96 5
35 100 6
35 102 2
35 104 6
35 106 4
35 107 4
35 108 2
35 109 6
35 112 6
35 115 6
35 117 6
35 118 4
35 119 6
35 122 6
35 123 2
35 124 2
35 127 1
35 128 6
35 131 3
35 132 3
35 133 6
35 134 3
35 136 3
35 138 5
35 141 5
35 146 6
35 149 6
35 152 6
35 155 6
35 160 6
35 161 3
35 163 6
35 164 6
35 165 4
35 169 6
35 170 6
35 171 3
35 173 2
35 176 5
35 180 4
35 182 5
35 187 4
35 189 3
35 193 6
35 196 4
36 38 2
36 42 2
36 45 2
36 46 1
36 47 1
36 48 2
36 50 4
36 51 1
36 55 2
36 57 1
36 58 2
36 60 5
36 65 4
36 73 2
36 78 5
36 79 1
36 90 5
36 105 2
36 110 2
36 114 3
36 116 4
36 121 1
36 125 1
36 126 1
36 129 3
36 130 1
36 137 1
36 139 5
36 143 1
36 147 2
36 148 3
36 150 6
36 151 1
36 153 2
36 157 1
36 158 3
36 159 3
36 166 4
36 167 2
36 168 2
36 172 2
36 175 6
36 178 4
36 179 1
36 181 3
36 183 3
36 184 4
36 185 5
36 186 1
36 188 3
36 190 4
36 191 4
36 192 6
36 194 1
36 197 5
36 199 1
36 200 3
37 38 2
37 42 2
37 45 2
37 46 1
37 47 1
37 48 2
37 50 4
37 51 1
37 55 2
37 57 1
37 58 2
37 60 4
37 65 4
37 73 2
37 78 4
37 79 1
37 90 4
37 105 2
37 110 2
37 114 3
37 116 4
37 121 1
37 125 1
37 126 1
37 129 3
37 130 1
37 137 1
37 139 4
37 143 1
37 147 2
37 148 3
37 150 4
37 151 1
37 153 2
37 157 1
37 158 3
37 159 3
37 166 4
37 167 2
37 168 2
37 172 2
37 175 4
37 178 4
37 179 1
37 181 3
37 183 3
37 184 4
37 185 4
37 186 1
37 188 3
37 190 4
37 191 4
37 192 4
37 194 1
37 197 4
37 199 1
37 200 3
38 39 2
38 40 2
38 41 2
38 43 2
38 49 2
38 52 2
38 54 2
38 59 2
38 61 2
38 63 2
38 64 1
38 66 2
38 67 2
38 68 2
38 70 2
38 71 2
38 72 2
38 74 1
38 75 2
38 76 2
38 77 2
38 80 2
38 81 2
38 82 1
38 83 2
38 85 1
38 86 2
38 88 2
38 89 2
38 91 2
38 92 2
38 94 2
38 95 2
38 96 2
38 100 2
38 102 2
38 104 2
38 106 2
38 107 2
38 108 2
38 109 2
38 112 2
38 115 2
38 117 2
38 118 2
38 119 2
38 122 2
38 123 2
38 124 2
38 127 1
38 128 2
38 131 2
38 132 2
38 133 2
38 134 2
38 136 2
38 138 2
38 141 2
38 146 2
38 149 2
38 152 2
38 155 2
38 160 2
38 161 2
38 163 2
38 164 2
38 165 2
38 169 2
38 170 2
38 171 2
38 173 2
38 176 2
38 180 2
38 182 2
38 187 2
38 189 2
38 193 2
38 196 2
39 42 2
39 45 2
39 46 1
39 47 1
39 48 2
39 50 4
39 51 1
39 55 2
39 57 1
39 58 2
39 60 5
39 65 4
39 73 2
39 78 5
39 79 1
39 90 5
39 105 2
39 110 2
39 114 3
39 116 4
39 121 1
39 125 1
39 126 1
39 129 3
39 130 1
39 137 1
39 139 5
39 143 1
39 147 2
39 148 3
39 150 6
39 151 1
39 153 2
39 157 1
39 158 3
39 159 3
39 166 4
39 167 2
39 168 2
39 172 2
39 175 6
39 178 4
39 179 1
39 181 3
39 183 3
39 184 4
39 185 5
39 186 1
39 188 3
39 190 4
39 191 4
39 192 7
39 194 1
39 197 5
39 199 1
39 200 3
40 42 2
40 45 2
40 46 1
40 47 1
40 48 2
40 50 4
40 51 1
40 55 2
40 57 1
40 58 2
40 60 5
40 65 4
40 73 2
40 78 5
40 79 1
40 90 5
40 105 2
40 110 2
40 114 3
40 116 4
40 121 1
40 125 1
40 126 1
40 129 3
40 130 1
40 137 1
40 139 5
40 143 1
40 147 2
40 148 3
40 150 6
40 151 1
40 153 2
40 157 1
40 158 3
40 159 3
40 166 4
40 167 2
40 168 2
40 172 2
40 175 6
40 178 4
40 179 1
40 181 3
40 183 3
40 184 4
40 185 5
40 186 1
40 188 3
40 190 4
40 191 4
40 192 6
40 194 1
40 197 5
40 199 1
40 200 3
41 42 2
41 45 2
41 46 1
41 47 1
41 48 2
41 50 3
41 51 1
41 55 2
41 57 1
41 58 2
41 60 3
41 65 3
41 73 2
41 78 3
41 79 1
41 90 3
41 105 2
41 110 2
41 114 3
41 116 3
41 121 1
41 125 1
41 126 1
41 129 3
41 130 1
41 137 1
41 139 3
41 143 1
41 147 2
41 148 3
41 150 3
41 151 1
41 153 2
41 157 1
41 158 3
41 159 3
41 166 3
41 167 2
41 168 2
41 172 2
41 175 3
41 178 3
41 179 1
41 181 3
41 183 3
41 184 3
41 185 3
41 186 1
41 188 3
41 190 3
41 191 3
41 192 3
41 194 1
41 197 3
41 199 1
41 200 3
42 43 2
42 49 2
42 52 2
42 54 2
42 59 2
42 61 2
42 63 2
42 64 1
42 66 2
42 67 2
42 68 2
42 70 2
42 71 2
42 72 2
42 74 1
42 75 2
42 76 2
42 77 2
42 80 2
42 81 2
42 82 1
42 83 2
42 85 1
42 86 2
42 88 2
42 89 2
42 91 2
42 92 2
42 94 2
42 95 2
42 96 2
42 100 2
42 102 2
42 104 2
42 106 2
42 107 2
42 108 2
42 109 2
42 112 2
42 115 2
42 117 2
42 118 2
42 119 2
42 122 2
42 123 2
42 124 2
42 127 1
42 128 2
42 131 2
42 132 2
42 133 2
42 134 2
42 136 2
42 138 2
42 141 2
42 146 2
42 149 2
42 152 2
42 155 2
42 160 2
42 161 2
42 163 2
42 164 2
42 165 2
42 169 2
42 170 2
42 171 2
42 173 2
42 176 2
42 180 2
42 182 2
42 187 2
42 189 2
42 193 2
42 196 2
43 45 2
43 46 1
43 47 1
43 48 2
43 50 4
43 51 1
43 55 2
43 57 1
43 58 2
43 60 5
43 65 4
43 73 2
43 78 5
43 79 1
43 90 5
43 105 2
43 110 2
43 114 3
43 116 4
43 121 1
43 125 1
43 126 1
43 129 3
43 130 1
43 137 1
43 139 5
43 143 1
43 147 2
43 148 3
43 150 6
43 151 1
43 153 2
43 157 1
43 158 3
43 159 3
43 166 4
43 167 2
43 168 2
43 172 2
43 175 6
43 178 4
43 179 1
43 181 3
43 183 3
43 184 4
43 185 5
43 186 1
43 188 3
43 190 4
43 191 4
43 192 7
43 194 1
43 197 5
43 199 1
43 200 3
45 49 2
45 52 2
45 54 2
45 59 2
45 61 2
45 63 2
45 64 1
45 66 2
45 67 2
45 68 2
45 70 2
45 71 2
45 72 2
45 74 1
45 75 2
45 76 2
45 77 2
45 80 2
45 81 2
45 82 1
45 83 2
45 85 1
45 86 2
45 88 2
45 89 2
45 91 2
45 92 2
45 94 2
45 95 2
45 96 2
45 100 2
45 102 2
45 104 2
45 106 2
45 107 2
45 108 2
45 109 2
45 112 2
45 115 2
45 117 2
45 118 2
45 119 2
45 122 2
45 123 2
45 124 2
45 127 1
45 128 2
45 131 2
45 132 2
45 133 2
45 134 2
45 136 2
45 138 2
45 141 2
45 146 2
45 149 2
45 152 2
45 155 2
45 160 2
45 161 2
45 163 2
45 164 2
45 165 2
45 169 2
45 170 2
45 171 2
45 173 2
45 176 2
45 180 2
45 182 2
45 187 2
45 189 2
45 193 2
45 196 2
46 49 1
46 52 1
46 54 1
46 59 1
46 61 1
46 63 1
46 64 1
46 66 1
46 67 1
46 68 1
46 70 1
46 71 1
46 72 1
46 74 1
46 75 1
46 76 1
46 77 1
46 80 1
46 81 1
46 82 1
46 83 1
46 85 1
46 86 1
46 88 1
46 89 1
46 91 1
46 92 1
46 94 1
46 95 1
46 96 1
46 100 1
46 102 1
46 104 1
46 106 1
46 107 1
46 108 1
46 109 1
46 112 1
46 115 1
46 117 1
46 118 1
46 119 1
46 122 1
46 123 1
46 124 1
46 127 1
46 128 1
46 131 1
46 132 1
46 133 1
46 134 1
46 136 1
46 138 1
46 141 1
46 146 1
46 149 1
46 152 1
46 155 1
46 160 1
46 161 1
46 163 1
46 164 1
46 165 1
46 169 1
46 170 1
46 171 1
46 173 1
46 176 1
46 180 1
46 182 1
46 187 1
46 189 1
46 193 1
46 196 1
47 49 1
47 52 1
47 54 1
47 59 1
47 61 1
47 63 1
47 64 1
47 66 1
47 67 1
47 68 1
47 70 1
47 71 1
47 72 1
47 74 1
47 75 1
47 76 1
47 77 1
47 80 1
47 81 1
47 82 1
47 83 1
47 85 1
47 86 1
47 88 1
47 89 1
47 91 1
47 92 1
47 94 1
47 95 1
47 96 1
47 100 1
47 102 1
47 104 1
47 106 1
47 107 1
47 108 1
47 109 1
47 112 1
47 115 1
47 117 1
47 118 1
47 119 1
47 122 1
47 123 1
47 124 1
47 127 1
47 128 1
47 131 1
47 132 1
47 133 1
47 134 1
47 136 1
47 138 1
47 141 1
47 146 1
47 149 1
47 152 1
47 155 1
47 160 1
47 161 1
47 163 1
47 164 1
47 165 1
47 169 1
47 170 1
47 171 1
47 173 1
47 176 1
47 180 1
47 182 1
47 187 1
47 189 1
47 193 1
47 196 1
48 49 2
48 52 2
48 54 2
48 59 2
48 61 2
48 63 2
48 64 1
48 66 2
48 67 2
48 68 2
48 70 2
48 71 2
48 72 2
48 74 1
48 75 2
48 76 2
48 77 2
48 80 2
48 81 2
48 82 1
48 83 2
48 85 1
48 86 2
48 88 2
48 89 2
48 91 2
48 92 2
48 94 2
48 95 2
48 96 2
48 100 2
48 102 2
48 104 2
48 106 2
48 107 2
48 108 2
48 109 2
48 112 2
48 115 2
48 117 2
48 118 2
48 119 2
48 122 2
48 123 2
48 124 2
48 127 1
48 128 2
48 131 2
48 132 2
48 133 2
48 134 2
48 136 2
48 138 2
48 141 2
48 146 2
48 149 2
48 152 2
48 155 2
48 160 2
48 161 2
48 163 2
48 164 2
48 165 2
48 169 2
48 170 2
48 171 2
48 173 2
48 176 2
48 180 2
48 182 2
48 187 2
48 189 2
48 193 2
48 196 2
49 50 4
49 51 1
49 55 2
49 57 1
49 58 2
49 60 5
49 65 4
49 73 2
49 78 5
49 79 1
49 90 5
49 105 2
49 110 2
49 114 3
49 116 4
49 121 1
49 125 1
49 126 1
49 129 3
49 130 1
49 137 1
49 139 5
49 143 1
49 147 2
49 148 3
49 150 6
49 151 1
49 153 2
49 157 1
49 158 3
49 159 3
49 166 4
49 167 2
49 168 2
49 172 2
49 175 6
49 178 4
49 179 1
49 181 3
49 183 3
49 184 4
49 185 5
49 186 1
49 188 3
49 190 4
49 191 4
49 192 7
49 194 1
49 197 5
49 199 1
49 200 3
50 52 4
50 54 4
50 59 4
50 61 3
50 63 4
50 64 1
50 66 4
50 67 4
50 68 4
50 70 4
50 71 4
50 72 4
50 74 1
50 75 4
50 76 3
50 77 4
50 80 4
50 81 4
50 82 1
50 83 4
50 85 1
50 86 2
50 88 4
50 89 4
50 91 4
50 92 4
50 94 4
50 95 4
50 96 4
50 100 4
50 102 2
50 104 4
50 106 4
50 107 4
50 108 2
50 109 4
50 112 4
50 115 4
50 117 4
50 118 4
50 119 4
50 122 4
50 123 2
50 124 2
50 127 1
50 128 4
50 131 3
50 132 3
50 133 4
50 134 3
50 136 3
50 138 4
50 141 4
50 146 4
50 149 4
50 152 4
50 155 4
50 160 4
50 161 3
50 163 4
50 164 4
50 165 4
50 169 4
50 170 4
50 171 3
50 173 2
50 176 4
50 180 4
50 182 4
50 187 4
50 189 3
50 193 4
50 196 4
51 52 1
51 54 1
51 59 1
51 61 1
51 63 1
51 64 1
51 66 1
51 67 1
51 68 1
51 70 1
51 71 1
51 72 1
51 74 1
51 75 1
51 76 1
51 77 1
51 80 1
51 81 1
51 82 1
51 83 1
51 85 1
51 86 1
51 88 1
51 89 1
51 91 1
51 92 1
51 94 1
51 95 1
51 96 1
51 100 1
51 102 1
51 104 1
51 106 1
51 107 1
51 108 1
51 109 1
51 112 1
51 115 1
51 117 1
51 118 1
51 119 1
51 122 1
51 123 1
51 124 1
51 127 1
51 128 1
51 131 1
51 132 1
51 133 1
51 134 1
51 136 1
51 138 1
51 141 1
51 146 1
51 149 1
51 152 1
51 155 1
51 160 1
51 161 1
51 163 1
51 164 1
51 165 1
51 169 1
51 170 1
51 171 1
51 173 1
51 176 1
51 180 1
51 182 1
51 187 1
51 189 1
51 193 1
51 196 1
52 55 2
52 57 1
52 58 2
52 60 5
52 65 4
52 73 2
52 78 5
52 79 1
52 90 5
52 105 2
52 110 2
52 114 3
52 116 4
52 121 1
52 125 1
52 126 1
52 129 3
52 130 1
52 137 1
52 139 5
52 143 1
52 147 2
52 148 3
52 150 6
52 151 1
52 153 2
52 157 1
52 158 3
52 159 3
52 166 4
52 167 2
52 168 2
52 172 2
52 175 6
52 178 4
52 179 1
52 181 3
52 183 3
52 184 4
52 185 5
52 186 1
52 188 3
52 190 4
52 191 4
52 192 7
52 194 1
52 197 5
52 199 1
52 200 3
54 55 2
54 57 1
54 58 2
54 60 5
54 65 4
54 73 2
54 78 5
54 79 1
54 90 5
54 105 2
54 110 2
54 114 3
54 116 4
54 121 1
54 125 1
54 126 1
54 129 3
54 130 1
54 137 1
54 139 5
54 143 1
54 147 2
54 148 3
54 150 5
54 151 1
54 153 2
54 157 1
54 158 3
54 159 3
54 166 4
54 167 2
54 168 2
54 172 2
54 175 5
54 178 4
54 179 1
54 181 3
54 183 3
54 184 4
54 185 5
54 186 1
54 188 3
54 190 4
54 191 4
54 192 5
54 194 1
54 197 5
54 199 1
54 200 3
55 59 2
55 61 2
55 63 2
55 64 1
55 66 2
55 67 2
55 68 2
55 70 2
55 71 2
55 72 2
55 74 1
55 75 2
55 76 2
55 77 2
55 80 2
55 81 2
55 82 1
55 83 2
55 85 1
55 86 2
55 88 2
55 89 2
55 91 2
55 92 2
55 94 2
55 95 2
55 96 2
55 100 2
55 102 2
55 104 2
55 106 2
55 107 2
55 108 2
55 109 2
55 112 2
55 115 2
55 117 2
55 118 2
55 119 2
55 122 2
55 123 2
55 124 2
55 127 1
55 128 2
55 131 2
55 132 2
55 133 2
55 134 2
55 136 2
55 138 2
55 141 2
55 146 2
55 149 2
55 152 2
55 155 2
55 160 2
55 161 2
55 163 2
55 164 2
55 165 2
55 169 2
55 170 2
55 171 2
55 173 2
55 176 2
55 180 2
55 182 2
55 187 2
55 189 2
55 193 2
55 196 2
57 59 1
57 61 1
57 63 1
57 64 1
57 66 1
57 67 1
57 68 1
57 70 1
57 71 1
57 72 1
57 74 1
57 75 1
57 76 1
57 77 1
57 80 1
57 81 1
57 82 1
57 83 1
57 85 1
57 86 1
57 88 1
57 89 1
57 91 1
57 92 1
57 94 1
57 95 1
57 96 1
57 100 1
57 102 1
57 104 1
57 106 1
57 107 1
57 108 1
57 109 1
57 112 1
57 115 1
57 117 1
57 118 1
57 119 1
57 122 1
57 123 1
57 124 1
57 127 1
57 128 1
57 131 1
57 132 1
57 133 1
57 134 1
57 136 1
57 138 1
57 141 1
57 146 1
57 149 1
57 152 1
57 155 1
57 160 1
57 161 1
57 163 1
57 164 1
57 165 1
57 169 1
57 170 1
57 171 1
57 173 1
57 176 1
57 180 1
57 182 1
57 187 1
57 189 1
57 193 1
57 196 1
58 59 2
58 61 2
58 63 2
58 64 1
58 66 2
58 67 2
58 68 2
58 70 2
58 71 2
58 72 2
58 74 1
58 75 2
58 76 2
58 77 2
58 80 2
58 81 2
58 82 1
58 83 2
58 85 1
58 86 2
58 88 2
58 89 2
58 91 2
58 92 2
58 94 2
58 95 2
58 96 2
58 100 2
58 102 2
58 104 2
58 106 2
58 107 2
58 108 2
58 109 2
58 112 2
58 115 2
58 117 2
58 118 2
58 119 2
58 122 2
58 123 2
58 124 2
58 127 1
58 128 2
58 131 2
58 132 2
58 133 2
58 134 2
58 136 2
58 138 2
58 141 2
58 146 2
58 149 2
58 152 2
58 155 2
58 160 2
58 161 2
58 163 2
58 164 2
58 165 2
58 169 2
58 170 2
58 171 2
58 173 2
58 176 2
58 180 2
58 182 2
58 187 2
58 189 2
58 193 2
58 196 2
59 60 5
59 65 4
59 73 2
59 78 5
59 79 1
59 90 5
59 105 2
59 110 2
59 114 3
59 116 4
59 121 1
59 125 1
59 126 1
59 129 3
59 130 1
59 137 1
59 139 5
59 143 1
59 147 2
59 148 3
59 150 6
59 151 1
59 153 2
59 157 1
59 158 3
59 159 3
59 166 4
59 167 2
59 168 2
59 172 2
59 175 6
59 178 4
59 179 1
59 181 3
59 183 3
59 184 4
59 185 5
59 186 1
59 188 3
59 190 4
59 191 4
59 192 6
59 194 1
59 197 5
59 199 1
59 200 3
60 61 3
60 63 5
60 64 1
60 66 5
60 67 4
60 68 5
60 70 5
60 71 5
60 72 5
60 74 1
60 75 5
60 76 3
60 77 5
60 80 5
60 81 5
60 82 1
60 83 4
60 85 1
60 86 2
60 88 5
60 89 5
60 91 5
60 92 5
60 94 5
60 95 4
60 96 5
60 100 5
60 102 2
60 104 5
60 106 4
60 107 4
60 108 2
60 109 5
60 112 5
60 115 5
60 117 5
60 118 4
60 119 5
60 122 5
60 123 2
60 124 2
60 127 1
60 128 5
60 131 3
60 132 3
60 133 5
60 134 3
60 136 3
60 138 5
60 141 5
60 146 5
60 149 5
60 152 5
60 155 5
60 160 5
60 161 3
60 163 5
60 164 5
60 165 4
60 169 5
60 170 5
60 171 3
60 173 2
60 176 5
60 180 4
60 182 5
60 187 4
60 189 3
60 193 5
60 196 4
61 65 3
61 73 2
61 78 3
61 79 1
61 90 3
61 105 2
61 110 2
61 114 3
61 116 3
61 121 1
61 125 1
61 126 1
61 129 3
61 130 1
61 137 1
61 139 3
61 143 1
61 147 2
61 148 3
61 150 3
61 151 1
61 153 2
61 157 1
61 158 3
61 159 3
61 166 3
61 167 2
61 168 2
61 172 2
61 175 3
61 178 3
61 179 1
61 181 3
61 183 3
61 184 3
61 185 3
61 186 1
61 188 3
61 190 3
61 191 3
61 192 3
61 194 1
61 197 3
61 199 1
61 200 3
63 65 4
63 73 2
63 78 5
63 79 1
63 90 5
63 105 2
63 110 2
63 114 3
63 116 4
63 121 1
63 125 1
63 126 1
63 129 3
63 130 1
63 137 1
63 139 5
63 143 1
63 147 2
63 148 3
63 150 6
63 151 1
63 153 2
63 157 1
63 158 3
63 159 3
63 166 4
63 167 2
63 168 2
63 172 2
63 175 6
63 178 4
63 179 1
63 181 3
63 183 3
63 184 4
63 185 5
63 186 1
63 188 3
63 190 4
63 191 4
63 192 6
63 194 1
63 197 5
63 199 1
63 200 3
64 65 1
64 73 1
64 78 1
64 79 1
64 90 1
64 105 1
64 110 1
64 114 1
64 116 1
64 121 1
64 125 1
64 126 1
64 129 1
64 130 1
64 137 1
64 139 1
64 143 1
64 147 1
64 148 1
64 150 1
64 151 1
64 153 1
64 157 1
64 158 1
64 159 1
64 166 1
64 167 1
64 168 1
64 172 1
64 175 1
64 178 1
64 179 1
64 181 1
64 183 1
64 184 1
64 185 1
64 186 1
64 188 1
64 190 1
64 191 1
64 192 1
64 194 1
64 197 1
64 199 1
64 200 1
65 66 4
65 67 4
65 68 4
65 70 4
65 71 4
65 72 4
65 74 1
65 75 4
65 76 3
65 77 4
65 80 4
65 81 4
65 82 1
65 83 4
65 85 1
65 86 2
65 88 4
65 89 4
65 91 4
65 92 4
65 94 4
65 95 4
65 96 4
65 100 4
65 102 2
65 104 4
65 106 4
65 107 4
65 108 2
65 109 4
65 112 4
65 115 4
65 117 4
65 118 4
65 119 4
65 122 4
65 123 2
65 124 2
65 127 1
65 128 4
65 131 3
65 132 3
65 133 4
65 134 3
65 136 3
65 138 4
65 141 4
65 146 4
65 149 4
65 152 4
65 155 4
65 160 4
65 161 3
65 163 4
65 164 4
65 165 4
65 169 4
65 170 4
65 171 3
65 173 2
65 176 4
65 180 4
65 182 4
65 187 4
65 189 3
65 193 4
65 196 4
66 73 2
66 78 5
66 79 1
66 90 5
66 105 2
66 110 2
66 114 3
66 116 4
66 121 1
66 125 1
66 126 1
66 129 3
66 130 1
66 137 1
66 139 5
66 143 1
66 147 2
66 148 3
66 150 5
66 151 1
66 153 2
66 157 1
66 158 3
66 159 3
66 166 4
66 167 2
66 168 2
66 172 2
66 175 5
66 178 4
66 179 1
66 181 3
66 183 3
66 184 4
66 185 5
66 186 1
66 188 3
66 190 4
66 191 4
66 192 5
66 194 1
66 197 5
66 199 1
66 200 3
67 73 2
67 78 4
67 79 1
67 90 4
67 105 2
67 110 2
67 114 3
67 116 4
67 121 1
67 125 1
67 126 1
67 129 3
67 130 1
67 137 1
67 139 4
67 143 1
67 147 2
67 148 3
67 150 4
67 151 1
67 153 2
67 157 1
67 158 3
67 159 3
67 166 4
67 167 2
67 168 2
67 172 2
67 175 4
67 178 4
67 179 1
67 181 3
67 183 3
67 184 4
67 185 4
67 186 1
67 188 3
67 190 4
67 191 4
67 192 4
67 194 1
67 197 4
67 199 1
67 200 3
68 73 2
68 78 5
68 79 1
68 90 5
68 105 2
68 110 2
68 114 3
68 116 4
68 121 1
68 125 1
68 126 1
68 129 3
68 130 1
68 137 1
68 139 5
68 143 1
68 147 2
68 148 3
68 150 5
68 151 1
68 153 2
68 157 1
68 158 3
68 159 3
68 166 4
68 167 2
68 168 2
68 172 2
68 175 5
68 178 4
68 179 1
68 181 3
68 183 3
68 184 4
68 185 5
68 186 1
68 188 3
68 190 4
68 191 4
68 192 5
68 194 1
68 197 5
68 199 1
68 200 3
70 73 2
70 78 5
70 79 1
70 90 5
70 105 2
70 110 2
70 114 3
70 116 4
70 121 1
70 125 1
70 126 1
70 129 3
70 130 1
70 137 1
70 139 5
70 143 1
70 147 2
70 148 3
70 150 6
70 151 1
70 153 2
70 157 1
70 158 3
70 159 3
70 166 4
70 167 2
70 168 2
70 172 2
70 175 6
70 178 4
70 179 1
70 181 3
70 183 3
70 184 4
70 185 5
70 186 1
70 188 3
70 190 4
70 191 4
70 192 7
70 194 1
70 197 5
70 199 1
70 200 3
71 73 2
71 78 5
71 79 1
71 90 5
71 105 2
71 110 2
71 114 3
71 116 4
71 121 1
71 125 1
71 126 1
71 129 3
71 130 1
71 137 1
71 139 5
71 143 1
71 147 2
71 148 3
71 150 5
71 151 1
71 153 2
71 157 1
71 158 3
71 159 3
71 166 4
71 167 2
71 168 2
71 172 2
71 175 5
71 178 4
71 179 1
71 181 3
71 183 3
71 184 4
71 185 5
71 186 1
71 188 3
71 190 4
71 191 4
71 192 5
71 194 1
71 197 5
71 199 1
71 200 3
72 73 2
72 78 5
72 79 1
72 90 5
72 105 2
72 110 2
72 114 3
72 116 4
72 121 1
72 125 1
72 126 1
72 129 3
72 130 1
72 137 1
72 139 5
72 143 1
72 147 2
72 148 3
72 150 6
72 151 1
72 153 2
72 157 1
72 158 3
72 159 3
72 166 4
72 167 2
72 168 2
72 172 2
72 175 6
72 178 4
72 179 1
72 181 3
72 183 3
72 184 4
72 185 5
72 186 1
72 188 3
72 190 4
72 191 4
72 192 6
72 194 1
72 197 5
72 199 1
72 200 3
73 74 1
73 75 2
73 76 2
73 77 2
73 80 2
73 81 2
73 82 1
73 83 2
73 85 1
73 86 2
73 88 2
73 89 2
73 91 2
73 92 2
73 94 2
73 95 2
73 96 2
73 100 2
73 102 2
73 104 2
73 106 2
73 107 2
73 108 2
73 109 2
73 112 2
73 115 2
73 117 2
73 118 2
73 119 2
73 122 2
73 123 2
73 124 2
73 127 1
73 128 2
73 131 2
73 132 2
73 133 2
73 134 2
73 136 2
73 138 2
73 141 2
73 146 2
73 149 2
73 152 2
73 155 2
73 160 2
73 161 2
73 163 2
73 164 2
73 165 2
73 169 2
73 170 2
73 171 2
73 173 2
73 176 2
73 180 2
73 182 2
73 187 2
73 189 2
73 193 2
73 196 2
74 78 1
74 79 1
74 90 1
74 105 1
74 110 1
74 114 1
74 116 1
74 121 1
74 125 1
74 126 1
74 129 1
74 130 1
74 137 1
74 139 1
74 143 1
74 147 1
74 148 1
74 150 1
74 151 1
74 153 1
74 157 1
74 158 1
74 159 1
74 166 1
74 167 1
74 168 1
74 172 1
74 175 1
74 178 1
74 179 1
74 181 1
74 183 1
74 184 1
74 185 1
74 186 1
74 188 1
74 190 1
74 191 1
74 192 1
74 194 1
74 197 1
74 199 1
74 200 1
75 78 5
75 79 1
75 90 5
75 105 2
75 110 2
75 114 3
75 116 4
75 121 1
75 125 1
75 126 1
75 129 3
75 130 1
75 137 1
75 139 5
75 143 1
75 147 2
75 148 3
75 150 6
75 151 1
75 153 2
75 157 1
75 158 3
75 159 3
75 166 4
75 167 2
75 168 2
75 172 2
75 175 6
75 178 4
75 179 1
75 181 3
75 183 3
75 184 4
75 185 5
75 186 1
75 188 3
75 190 4
75 191 4
75 192 7
75 194 1
75 197 5
75 199 1
75 200 3
76 78 3
76 79 1
76 90 3
76 105 2
76 110 2
76 114 3
76 116 3
76 121 1
76 125 1
76 126 1
76 129 3
76 130 1
76 137 1
76 139 3
76 143 1
76 147 2
76 148 3
76 150 3
76 151 1
76 153 2
76 157 1
76 158 3
76 159 3
76 166 3
76 167 2
76 168 2
76 172 2
76 175 3
76 178 3
76 179 1
76 181 3
76 183 3
76 184 3
76 185 3
76 186 1
76 188 3
76 190 3
76 191 3
76 192 3
76 194 1
76 197 3
76 199 1
76 200 3
77 78 5
77 79 1
77 90 5
77 105 2
77 110 2
77 114 3
77 116 4
77 121 1
77 125 1
77 126 1
77 129 3
77 130 1
77 137 1
77 139 5
77 143 1
77 147 2
77 148 3
77 150 5
77 151 1
77 153 2
77 157 1
77 158 3
77 159 3
77 166 4
77 167 2
77 168 2
77 172 2
77 175 5
77 178 4
77 179 1
77 181 3
77 183 3
77 184 4
77 185 5
77 186 1
77 188 3
77 190 4
77 191 4
77 192 5
77 194 1
77 197 5
77 199 1
77 200 3
78 80 5
78 81 5
78 82 1
78 83 4
78 85 1
78 86 2
78 88 5
78 89 5
78 91 5
78 92 5
78 94 5
78 95 4
78 96 5
78 100 5
78 102 2
78 104 5
78 106 4
78 107 4
78 108 2
78 109 5
78 112 5
78 115 5
78 117 5
78 118 4
78 119 5
78 122 5
78 123 2
78 124 2
78 127 1
78 128 5
78 131 3
78 132 3
78 133 5
78 134 3
78 136 3
78 138 5
78 141 5
78 146 5
78 149 5
78 152 5
78 155 5
78 160 5
78 161 3
78 163 5
78 164 5
78 165 4
78 169 5
78 170 5
78 171 3
78 173 2
78 176 5
78 180 4
78 182 5
78 187 4
78 189 3
78 193 5
78 196 4
79 80 1
79 81 1
79 82 1
79 83 1
79 85 1
79 86 1
79 88 1
79 89 1
79 91 1
79 92 1
79 94 1
79 95 1
79 96 1
79 100 1
79 102 1
79 104 1
79 106 1
79 107 1
79 108 1
79 109 1
79 112 1
79 115 1
79 117 1
79 118 1
79 119 1
79 122 1
79 123 1
79 124 1
79 127 1
79 128 1
79 131 1
79 132 1
79 133 1
79 134 1
79 136 1
79 138 1
79 141 1
79 146 1
79 149 1
79 152 1
79 155 1
79 160 1
79 161 1
79 163 1
79 164 1
79 165 1
79 169 1
79 170 1
79 171 1
79 173 1
79 176 1
79 180 1
79 182 1
79 187 1
79 189 1
79 193 1
79 196 1
80 90 5
80 105 2
80 110 2
80 114 3
80 116 4
80 121 1
80 125 1
80 126 1
80 129 3
80 130 1
80 137 1
80 139 5
80 143 1
80 147 2
80 148 3
80 150 6
80 151 1
80 153 2
80 157 1
80 158 3
80 159 3
80 166 4
80 167 2
80 168 2
80 172 2
80 175 6
80 178 4
80 179 1
80 181 3
80 183 3
80 184 4
80 185 5
80 186 1
80 188 3
80 190 4
80 191 4
80 192 7
80 194 1
80 197 5
80 199 1
80 200 3
81 90 5
81 105 2
81 110 2
81 114 3
81 116 4
81 121 1
81 125 1
81 126 1
81 129 3
81 130 1
81 137 1
81 139 5
81 143 1
81 147 2
81 148 3
81 150 6
81 151 1
81 153 2
81 157 1
81 158 3
81 159 3
81 166 4
81 167 2
81 168 2
81 172 2
81 175 6
81 178 4
81 179 1
81 181 3
81 183 3
81 184 4
81 185 5
81 186 1
81 188 3
81 190 4
81 191 4
81 192 7
81 194 1
81 197 5
81 199 1
81 200 3
82 90 1
82 105 1
82 110 1
82 114 1
82 116 1
82 121 1
82 125 1
82 126 1
82 129 1
82 130 1
82 137 1
82 139 1
82 143 1
82 147 1
82 148 1
82 150 1
82 151 1
82 153 1
82 157 1
82 158 1
82 159 1
82 166 1
82 167 1
82 168 1
82 172 1
82 175 1
82 178 1
82 179 1
82 181 1
82 183 1
82 184 1
82 185 1
82 186 1
82 188 1
82 190 1
82 191 1
82 192 1
82 194 1
82 197 1
82 199 1
82 200 1
83 90 4
83 105 2
83 110 2
83 114 3
83 116 4
83 121 1
83 125 1
83 126 1
83 129 3
83 130 1
83 137 1
83 139 4
83 143 1
83 147 2
83 148 3
83 150 4
83 151 1
83 153 2
83 157 1
83 158 3
83 159 3
83 166 4
83 167 2
83 168 2
83 172 2
83 175 4
83 178 4
83 179 1
83 181 3
83 183 3
83 184 4
83 185 4
83 186 1
83 188 3
83 190 4
83 191 4
83 192 4
83 194 1
83 197 4
83 199 1
83 200 3
85 90 1
85 105 1
85 110 1
85 114 1
85 116 1
85 121 1
85 125 1
85 126 1
85 129 1
85 130 1
85 137 1
85 139 1
85 143 1
85 147 1
85 148 1
85 150 1
85 151 1
85 153 1
85 157 1
85 158 1
85 159 1
85 166 1
85 167 1
85 168 1
85 172 1
85 175 1
85 178 1
85 179 1
85 181 1
85 183 1
85 184 1
85 185 1
85 186 1
85 188 1
85 190 1
85 191 1
85 192 1
85 194 1
85 197 1
85 199 1
85 200 1
86 90 2
86 105 2
86 110 2
86 114 2
86 116 2
86 121 1
86 125 1
86 126 1
86 129 2
86 130 1
86 137 1
86 139 2
86 143 1
86 147 2
86 148 2
86 150 2
86 151 1
86 153 2
86 157 1
86 158 2
86 159 2
86 166 2
86 167 2
86 168 2
86 172 2
86 175 2
86 178 2
86 179 1
86 181 2
86 183 2
86 184 2
86 185 2
86 186 1
86 188 2
86 190 2
86 191 2
86 192 2
86 194 1
86 197 2
86 199 1
86 200 2
88 90 5
88 105 2
88 110 2
88 114 3
88 116 4
88 121 1
88 125 1
88 126 1
88 129 3
88 130 1
88 137 1
88 139 5
88 143 1
88 147 2
88 148 3
88 150 6
88 151 1
88 153 2
88 157 1
88 158 3
88 159 3
88 166 4
88 167 2
88 168 2
88 172 2
88 175 6
88 178 4
88 179 1
88 181 3
88 183 3
88 184 4
88 185 5
88 186 1
88 188 3
88 190 4
88 191 4
88 192 7
88 194 1
88 197 5
88 199 1
88 200 3
89 90 5
89 105 2
89 110 2
89 114 3
89 116 4
89 121 1
89 125 1
89 126 1
89 129 3
89 130 1
89 137 1
89 139 5
89 143 1
89 147 2
89 148 3
89 150 6
89 151 1
89 153 2
89 157 1
89 158 3
89 159 3
89 166 4
89 167 2
89 168 2
89 172 2
89 175 6
89 178 4
89 179 1
89 181 3
89 183 3
89 184 4
89 185 5
89 186 1
89 188 3
89 190 4
89 191 4
89 192 7
89 194 1
89 197 5
89 199 1
89 200 3
90 91 5
90 92 5
90 94 5
90 95 4
90 96 5
90 100 5
90 102 2
90 104 5
90 106 4
90 107 4
90 108 2
90 109 5
90 112 5
90 115 5
90 117 5
90 118 4
90 119 5
90 122 5
90 123 2
90 124 2
90 127 1
90 128 5
90 131 3
90 132 3
90 133 5
90 134 3
90 136 3
90 138 5
90 141 5
90 146 5
90 149 5
90 152 5
90 155 5
90 160 5
90 161 3
90 163 5
90 164 5
90 165 4
90 169 5
90 170 5
90 171 3
90 173 2
90 176 5
90 180 4
90 182 5
90 187 4
90 189 3
90 193 5
90 196 4
91 105 2
91 110 2
91 114 3
91 116 4
91 121 1
91 125 1
91 126 1
91 129 3
91 130 1
91 137 1
91 139 5
91 143 1
91 147 2
91 148 3
91 150 6
91 151 1
91 153 2
91 157 1
91 158 3
91 159 3
91 166 4
91 167 2
91 168 2
91 172 2
91 175 6
91 178 4
91 179 1
91 181 3
91 183 3
91 184 4
91 185 5
91 186 1
91 188 3
91 190 4
91 191 4
91 192 7
91 194 1
91 197 5
91 199 1
91 200 3
92 105 2
92 110 2
92 114 3
92 116 4
92 121 1
92 125 1
92 126 1
92 129 3
92 130 1
92 137 1
92 139 5
92 143 1
92 147 2
92 148 3
92 150 5
92 151 1
92 153 2
92 157 1
92 158 3
92 159 3
92 166 4
92 167 2
92 168 2
92 172 2
92 175 5
92 178 4
92 179 1
92 181 3
92 183 3
92 184 4
92 185 5
92 186 1
92 188 3
92 190 4
92 191 4
92 192 5
92 194 1
92 197 5
92 199 1
92 200 3
94 105 2
94 110 2
94 114 3
94 116 4
94 121 1
94 125 1
94 126 1
94 129 3
94 130 1
94 137 1
94 139 5
94 143 1
94 147 2
94 148 3
94 150 6
94 151 1
94 153 2
94 157 1
94 158 3
94 159 3
94 166 4
94 167 2
94 168 2
94 172 2
94 175 6
94 178 4
94 179 1
94 181 3
94 183 3
94 184 4
94 185 5
94 186 1
94 188 3
94 190 4
94 191 4
94 192 7
94 194 1
94 197 5
94 199 1
94 200 3
95 105 2
95 110 2
95 114 3
95 116 4
95 121 1
95 125 1
95 126 1
95 129 3
95 130 1
95 137 1
95 139 4
95 143 1
95 147 2
95 148 3
95 150 4
95 151 1
95 153 2
95 157 1
95 158 3
95 159 3
95 166 4
95 167 2
95 168 2
95 172 2
95 175 4
95 178 4
95 179 1
95 181 3
95 183 3
95 184 4
95 185 4
95 186 1
95 188 3
95 190 4
95 191 4
95 192 4
95 194 1
95 197 4
95 199 1
95 200 3
96 105 2
96 110 2
96 114 3
96 116 4
96 121 1
96 125 1
96 126 1
96 129 3
96 130 1
96 137 1
96 139 5
96 143 1
96 147 2
96 148 3
96 150 5
96 151 1
96 153 2
96 157 1
96 158 3
96 159 3
96 166 4
96 167 2
96 168 2
96 172 2
96 175 5
96 178 4
96 179 1
96 181 3
96 183 3
96 184 4
96 185 5
96 186 1
96 188 3
96 190 4
96 191 4
96 192 5
96 194 1
96 197 5
96 199 1
96 200 3
100 105 2
100 110 2
100 114 3
100 116 4
100 121 1
100 125 1
100 126 1
100 129 3
100 130 1
100 137 1
100 139 5
100 143 1
100 147 2
100 148 3
100 150 6
100 151 1
100 153 2
100 157 1
100 158 3
100 159 3
100 166 4
100 167 2
100 168 2
100 172 2
100 175 6
100 178 4
100 179 1
100 181 3
100 183 3
100 184 4
100 185 5
100 186 1
100 188 3
100 190 4
100 191 4
100 192 7
100 194 1
100 197 5
100 199 1
100 200 3
102 105 2
102 110 2
102 114 2
102 116 2
102 121 1
102 125 1
102 126 1
102 129 2
102 130 1
102 137 1
102 139 2
102 143 1
102 147 2
102 148 2
102 150 2
102 151 1
102 153 2
102 157 1
102 158 2
102 159 2
102 166 2
102 167 2
102 168 2
102 172 2
102 175 2
102 178 2
102 179 1
102 181 2
102 183 2
102 184 2
102 185 2
102 186 1
102 188 2
102 190 2
102 191 2
102 192 2
102 194 1
102 197 2
102 199 1
102 200 2
104 105 2
104 110 2
104 114 3
104 116 4
104 121 1
104 125 1
104 126 1
104 129 3
104 130 1
104 137 1
104 139 5
104 143 1
104 147 2
104 148 3
104 150 6
104 151 1
104 153 2
104 157 1
104 158 3
104 159 3
104 166 4
104 167 2
104 168 2
104 172 2
104 175 6
104 178 4
104 179 1
104 181 3
104 183 3
104 184 4
104 185 5
104 186 1
104 188 3
104 190 4
104 191 4
104 192 6
104 194 1
104 197 5
104 199 1
104 200 3
105 106 2
105 107 2
105 108 2
105 109 2
105 112 2
105 115 2
105 117 2
105 118 2
105 119 2
105 122 2
105 123 2
105 124 2
105 127 1
105 128 2
105 131 2
105 132 2
105 133 2
105 134 2
105 136 2
105 138 2
105 141 2
105 146 2
105 149 2
105 152 2
105 155 2
105 160 2
105 161 2
105 163 2
105 164 2
105 165 2
105 169 2
105 170 2
105 171 2
105 173 2
105 176 2
105 180 2
105 182 2
105 187 2
105 189 2
105 193 2
105 196 2
106 110 2
106 114 3
106 116 4
106 121 1
106 125 1
106 126 1
106 129 3
106 130 1
106 137 1
106 139 4
106 143 1
106 147 2
106 148 3
106 150 4
106 151 1
106 153 2
106 157 1
106 158 3
106 159 3
106 166 4
106 167 2
106 168 2
106 172 2
106 175 4
106 178 4
106 179 1
106 181 3
106 183 3
106 184 4
106 185 4
106 186 1
106 188 3
106 190 4
106 191 4
106 192 4
106 194 1
106 197 4
106 199 1
106 200 3
107 110 2
107 114 3
107 116 4
107 121 1
107 125 1
107 126 1
107 129 3
107 130 1
107 137 1
107 139 4
107 143 1
107 147 2
107 148 3
107 150 4
107 151 1
107 153 2
107 157 1
107 158 3
107 159 3
107 166 4
107 167 2
107 168 2
107 172 2
107 175 4
107 178 4
107 179 1
107 181 3
107 183 3
107 184 4
107 185 4
107 186 1
107 188 3
107 190 4
107 191 4
107 192 4
107 194 1
107 197 4
107 199 1
107 200 3
108 110 2
108 114 2
108 116 2
108 121 1
108 125 1
108 126 1
108 129 2
108 130 1
108 137 1
108 139 2
108 143 1
108 147 2
108 148 2
108 150 2
108 151 1
108 153 2
108 157 1
108 158 2
108 159 2
108 166 2
108 167 2
108 168 2
108 172 2
108 175 2
108 178 2
108 179 1
108 181 2
108 183 2
108 184 2
108 185 2
108 186 1
108 188 2
108 190 2
108 191 2
108 192 2
108 194 1
108 197 2
108 199 1
108 200 2
109 110 2
109 114 3
109 116 4
109 121 1
109 125 1
109 126 1
109 129 3
109 130 1
109 137 1
109 139 5
109 143 1
109 147 2
109 148 3
109 150 6
109 151 1
109 153 2
109 157 1
109 158 3
109 159 3
109 166 4
109 167 2
109 168 2
109 172 2
109 175 6
109 178 4
109 179 1
109 181 3
109 183 3
109 184 4
109 185 5
109 186 1
109 188 3
109 190 4
109 191 4
109 192 7
109 194 1
109 197 5
109 199 1
109 200 3
110 112 2
110 115 2
110 117 2
110 118 2
110 119 2
110 122 2
110 123 2
110 124 2
110 127 1
110 128 2
110 131 2
110 132 2
110 133 2
110 134 2
110 136 2
110 138 2
110 141 2
110 146 2
110 149 2
110 152 2
110 155 2
110 160 2
110 161 2
110 163 2
110 164 2
110 165 2
110 169 2
110 170 2
110 171 2
110 173 2
110 176 2
110 180 2
110 182 2
110 187 2
110 189 2
110 193 2
110 196 2
112 114 3
112 116 4
112 121 1
112 125 1
112 126 1
112 129 3
112 130 1
112 137 1
112 139 5
112 143 1
112 147 2
112 148 3
112 150 6
112 151 1
112 153 2
112 157 1
112 158 3
112 159 3
112 166 4
112 167 2
112 168 2
112 172 2
112 175 6
112 178 4
112 179 1
112 181 3
112 183 3
112 184 4
112 185 5
112 186 1
112 188 3
112 190 4
112 191 4
112 192 7
112 194 1
112 197 5
112 199 1
112 200 3
114 115 3
114 117 3
114 118 3
114 119 3
114 122 3
114 123 2
114 124 2
114 127 1
114 128 3
114 131 3
114 132 3
114 133 3
114 134 3
114 136 3
114 138 3
114 141 3
114 146 3
114 149 3
114 152 3
114 155 3
114 160 3
114 161 3
114 163 3
114 164 3
114 165 3
114 169 3
114 170 3
114 171 3
114 173 2
114 176 3
114 180 3
114 182 3
114 187 3
114 189 3
114 193 3
114 196 3
115 116 4
115 121 1
115 125 1
115 126 1
115 129 3
115 130 1
115 137 1
115 139 5
115 143 1
115 147 2
115 148 3
115 150 6
115 151 1
115 153 2
115 157 1
115 158 3
115 159 3
115 166 4
115 167 2
115 168 2
115 172 2
115 175 6
115 178 4
115 179 1
115 181 3
115 183 3
115 184 4
115 185 5
115 186 1
115 188 3
115 190 4
115 191 4
115 192 7
115 194 1
115 197 5
115 199 1
115 200 3
116 117 4
116 118 4
116 119 4
116 122 4
116 123 2
116 124 2
116 127 1
116 128 4
116 131 3
116 132 3
116 133 4
116 134 3
116 136 3
116 138 4
116 141 4
116 146 4
116 149 4
116 152 4
116 155 4
116 160 4
116 161 3
116 163 4
116 164 4
116 165 4
116 169 4
116 170 4
116 171 3
116 173 2
116 176 4
116 180 4
116 182 4
116 187 4
116 189 3
116 193 4
116 196 4
117 121 1
117 125 1
117 126 1
117 129 3
117 130 1
117 137 1
117 139 5
117 143 1
117 147 2
117 148 3
117 150 6
117 151 1
117 153 2
117 157 1
117 158 3
117 159 3
117 166 4
117 167 2
117 168 2
117 172 2
117 175 6
117 178 4
117 179 1
117 181 3
117 183 3
117 184 4
117 185 5
117 186 1
117 188 3
117 190 4
117 191 4
117 192 7
117 194 1
117 197 5
117 199 1
117 200 3
118 121 1
118 125 1
118 126 1
118 129 3
118 130 1
118 137 1
118 139 4
118 143 1
118 147 2
118 148 3
118 150 4
118 151 1
118 153 2
118 157 1
118 158 3
118 159 3
118 166 4
118 167 2
118 168 2
118 172 2
118 175 4
118 178 4
118 179 1
118 181 3
118 183 3
118 184 4
118 185 4
118 186 1
118 188 3
118 190 4
118 191 4
118 192 4
118 194 1
118 197 4
118 199 1
118 200 3
119 121 1
119 125 1
119 126 1
119 129 3
119 130 1
119 137 1
119 139 5
119 143 1
119 147 2
119 148 3
119 150 6
119 151 1
119 153 2
119 157 1
119 158 3
119 159 3
119 166 4
119 167 2
119 168 2
119 172 2
119 175 6
119 178 4
119 179 1
119 181 3
119 183 3
119 184 4
119 185 5
119 186 1
119 188 3
119 190 4
119 191 4
119 192 7
119 194 1
119 197 5
119 199 1
119 200 3
121 122 1
121 123 1
121 124 1
121 127 1
121 128 1
121 131 1
121 132 1
121 133 1
121 134 1
121 136 1
121 138 1
121 141 1
121 146 1
121 149 1
121 152 1
121 155 1
121 160 1
121 161 1
121 163 1
121 164 1
121 165 1
121 169 1
121 170 1
121 171 1
121 173 1
121 176 1
121 180 1
121 182 1
121 187 1
121 189 1
121 193 1
121 196 1
122 125 1
122 126 1
122 129 3
122 130 1
122 137 1
122 139 5
122 143 1
122 147 2
122 148 3
122 150 6
122 151 1
122 153 2
122 157 1
122 158 3
122 159 3
122 166 4
122 167 2
122 168 2
122 172 2
122 175 6
122 178 4
122 179 1
122 181 3
122 183 3
122 184 4
122 185 5
122 186 1
122 188 3
122 190 4
122 191 4
122 192 6
122 194 1
122 197 5
122 199 1
122 200 3
123 125 1
123 126 1
123 129 2
123 130 1
123 137 1
123 139 2
123 143 1
123 147 2
123 148 2
123 150 2
123 151 1
123 153 2
123 157 1
123 158 2
123 159 2
123 166 2
123 167 2
123 168 2
123 172 2
123 175 2
123 178 2
123 179 1
123 181 2
123 183 2
123 184 2
123 185 2
123 186 1
123 188 2
123 190 2
123 191 2
123 192 2
123 194 1
123 197 2
123 199 1
123 200 2
124 125 1
124 126 1
124 129 2
124 130 1
124 137 1
124 139 2
124 143 1
124 147 2
124 148 2
124 150 2
124 151 1
124 153 2
124 157 1
124 158 2
124 159 2
124 166 2
124 167 2
124 168 2
124 172 2
124 175 2
124 178 2
124 179 1
124 181 2
124 183 2
124 184 2
124 185 2
124 186 1
124 188 2
124 190 2
124 191 2
124 192 2
124 194 1
124 197 2
124 199 1
124 200 2
125 127 1
125 128 1
125 131 1
125 132 1
125 133 1
125 134 1
125 136 1
125 138 1
125 141 1
125 146 1
125 149 1
125 152 1
125 155 1
125 160 1
125 161 1
125 163 1
125 164 1
125 165 1
125 169 1
125 170 1
125 171 1
125 173 1
125 176 1
125 180 1
125 182 1
125 187 1
125 189 1
125 193 1
125 196 1
126 127 1
126 128 1
126 131 1
126 132 1
126 133 1
126 134 1
126 136 1
126 138 1
126 141 1
126 146 1
126 149 1
126 152 1
126 155 1
126 160 1
126 161 1
126 163 1
126 164 1
126 165 1
126 169 1
126 170 1
126 171 1
126 173 1
126 176 1
126 180 1
126 182 1
126 187 1
126 189 1
126 193 1
126 196 1
127 129 1
127 130 1
127 137 1
127 139 1
127 143 1
127 147 1
127 148 1
127 150 1
127 151 1
127 153 1
127 157 1
127 158 1
127 159 1
127 166 1
127 167 1
127 168 1
127 172 1
127 175 1
127 178 1
127 179 1
127 181 1
127 183 1
127 184 1
127 185 1
127 186 1
127 188 1
127 190 1
127 191 1
127 192 1
127 194 1
127 197 1
127 199 1
127 200 1
128 129 3
128 130 1
128 137 1
128 139 5
128 143 1
128 147 2
128 148 3
128 150 6
128 151 1
128 153 2
128 157 1
128 158 3
128 159 3
128 166 4
128 167 2
128 168 2
128 172 2
128 175 6
128 178 4
128 179 1
128 181 3
128 183 3
128 184 4
128 185 5
128 186 1
128 188 3
128 190 4
128 191 4
128 192 7
128 194 1
128 197 5
128 199 1
128 200 3
129 131 3
129 132 3
129 133 3
129 134 3
129 136 3
129 138 3
129 141 3
129 146 3
129 149 3
129 152 3
129 155 3
129 160 3
129 161 3
129 163 3
129 164 3
129 165 3
129 169 3
129 170 3
129 171 3
129 173 2
129 176 3
129 180 3
129 182 3
129 187 3
129 189 3
129 193 3
129 196 3
130 131 1
130 132 1
130 133 1
130 134 1
130 136 1
130 138 1
130 141 1
130 146 1
130 149 1
130 152 1
130 155 1
130 160 1
130 161 1
130 163 1
130 164 1
130 165 1
130 169 1
130 170 1
130 171 1
130 173 1
130 176 1
130 180 1
130 182 1
130 187 1
130 189 1
130 193 1
130 196 1
131 137 1
131 139 3
131 143 1
131 147 2
131 148 3
131 150 3
131 151 1
131 153 2
131 157 1
131 158 3
131 159 3
131 166 3
131 167 2
131 168 2
131 172 2
131 175 3
131 178 3
131 179 1
131 181 3
131 183 3
131 184 3
131 185 3
131 186 1
131 188 3
131 190 3
131 191 3
131 192 3
131 194 1
131 197 3
131 199 1
131 200 3
132 137 1
132 139 3
132 143 1
132 147 2
132 148 3
132 150 3
132 151 1
132 153 2
132 157 1
132 158 3
132 159 3
132 166 3
132 167 2
132 168 2
132 172 2
132 175 3
132 178 3
132 179 1
132 181 3
132 183 3
132 184 3
132 185 3
132 186 1
132 188 3
132 190 3
132 191 3
132 192 3
132 194 1
132 197 3
132 199 1
132 200 3
133 137 1
133 139 5
133 143 1
133 147 2
133 148 3
133 150 6
133 151 1
133 153 2
133 157 1
133 158 3
133 159 3
133 166 4
133 167 2
133 168 2
133 172 2
133 175 6
133 178 4
133 179 1
133 181 3
133 183 3
133 184 4
133 185 5
133 186 1
133 188 3
133 190 4
133 191 4
133 192 7
133 194 1
133 197 5
133 199 1
133 200 3
134 137 1
134 139 3
134 143 1
134 147 2
134 148 3
134 150 3
134 151 1
134 153 2
134 157 1
134 158 3
134 159 3
134 166 3
134 167 2
134 168 2
134 172 2
134 175 3
134 178 3
134 179 1
134 181 3
134 183 3
134 184 3
134 185 3
134 186 1
134 188 3
134 190 3
134 191 3
134 192 3
134 194 1
134 197 3
134 199 1
134 200 3
136 137 1
136 139 3
136 143 1
136 147 2
136 148 3
136 150 3
136 151 1
136 153 2
136 157 1
136 158 3
136 159 3
136 166 3
136 167 2
136 168 2
136 172 2
136 175 3
136 178 3
136 179 1
136 181 3
136 183 3
136 184 3
136 185 3
136 186 1
136 188 3
136 190 3
136 191 3
136 192 3
136 194 1
136 197 3
136 199 1
136 200 3
137 138 1
137 141 1
137 146 1
137 149 1
137 152 1
137 155 1
137 160 1
137 161 1
137 163 1
137 164 1
137 165 1
137 169 1
137 170 1
137 171 1
137 173 1
137 176 1
137 180 1
137 182 1
137 187 1
137 189 1
137 193 1
137 196 1
138 139 5
138 143 1
138 147 2
138 148 3
138 150 5
138 151 1
138 153 2
138 157 1
138 158 3
138 159 3
138 166 4
138 167 2
138 168 2
138 172 2
138 175 5
138 178 4
138 179 1
138 181 3
138 183 3
138 184 4
138 185 5
138 186 1
138 188 3
138 190 4
138 191 4
138 192 5
138 194 1
138 197 5
138 199 1
138 200 3
139 141 5
139 146 5
139 149 5
139 152 5
139 155 5
139 160 5
139 161 3
139 163 5
139 164 5
139 165 4
139 169 5
139 170 5
139 171 3
139 173 2
139 176 5
139 180 4
139 182 5
139 187 4
139 189 3
139 193 5
139 196 4
141 143 1
141 147 2
141 148 3
141 150 5
141 151 1
141 153 2
141 157 1
141 158 3
141 159 3
141 166 4
141 167 2
141 168 2
141 172 2
141 175 5
141 178 4
141 179 1
141 181 3
141 183 3
141 184 4
141 185 5
141 186 1
141 188 3
141 190 4
141 191 4
141 192 5
141 194 1
141 197 5
141 199 1
141 200 3
143 146 1
143 149 1
143 152 1
143 155 1
143 160 1
143 161 1
143 163 1
143 164 1
143 165 1
143 169 1
143 170 1
143 171 1
143 173 1
143 176 1
143 180 1
143 182 1
143 187 1
143 189 1
143 193 1
143 196 1
146 147 2
146 148 3
146 150 6
146 151 1
146 153 2
146 157 1
146 158 3
146 159 3
146 166 4
146 167 2
146 168 2
146 172 2
146 175 6
146 178 4
146 179 1
146 181 3
146 183 3
146 184 4
146 185 5
146 186 1
146 188 3
146 190 4
146 191 4
146 192 7
146 194 1
146 197 5
146 199 1
146 200 3
147 149 2
147 152 2
147 155 2
147 160 2
147 161 2
147 163 2
147 164 2
147 165 2
147 169 2
147 170 2
147 171 2
147 173 2
147 176 2
147 180 2
147 182 2
147 187 2
147 189 2
147 193 2
147 196 2
148 149 3
148 152 3
148 155 3
148 160 3
148 161 3
148 163 3
148 164 3
148 165 3
148 169 3
148 170 3
148 171 3
148 173 2
148 176 3
148 180 3
148 182 3
148 187 3
148 189 3
148 193 3
148 196 3
149 150 6
149 151 1
149 153 2
149 157 1
149 158 3
149 159 3
149 166 4
149 167 2
149 168 2
149 172 2
149 175 6
149 178 4
149 179 1
149 181 3
149 183 3
149 184 4
149 185 5
149 186 1
149 188 3
149 190 4
149 191 4
149 192 7
149 194 1
149 197 5
149 199 1
149 200 3
150 152 6
150 155 6
150 160 6
150 161 3
150 163 6
150 164 6
150 165 4
150 169 6
150 170 6
150 171 3
150 173 2
150 176 5
150 180 4
150 182 5
150 187 4
150 189 3
150 193 6
150 196 4
151 152 1
151 155 1
151 160 1
151 161 1
151 163 1
151 164 1
151 165 1
151 169 1
151 170 1
151 171 1
151 173 1
151 176 1
151 180 1
151 182 1
151 187 1
151 189 1
151 193 1
151 196 1
152 153 2
152 157 1
152 158 3
152 159 3
152 166 4
152 167 2
152 168 2
152 172 2
152 175 6
152 178 4
152 179 1
152 181 3
152 183 3
152 184 4
152 185 5
152 186 1
152 188 3
152 190 4
152 191 4
152 192 7
152 194 1
152 197 5
152 199 1
152 200 3
153 155 2
153 160 2
153 161 2
153 163 2
153 164 2
153 165 2
153 169 2
153 170 2
153 171 2
153 173 2
153 176 2
153 180 2
153 182 2
153 187 2
153 189 2
153 193 2
153 196 2
155 157 1
155 158 3
155 159 3
155 166 4
155 167 2
155 168 2
155 172 2
155 175 6
155 178 4
155 179 1
155 181 3
155 183 3
155 184 4
155 185 5
155 186 1
155 188 3
155 190 4
155 191 4
155 192 6
155 194 1
155 197 5
155 199 1
155 200 3
157 160 1
157 161 1
157 163 1
157 164 1
157 165 1
157 169 1
157 170 1
157 171 1
157 173 1
157 176 1
157 180 1
157 182 1
157 187 1
157 189 1
157 193 1
157 196 1
158 160 3
158 161 3
158 163 3
158 164 3
158 165 3
158 169 3
158 170 3
158 171 3
158 173 2
158 176 3
158 180 3
158 182 3
158 187 3
158 189 3
158 193 3
158 196 3
159 160 3
159 161 3
159 163 3
159 164 3
159 165 3
159 169 3
159 170 3
159 171 3
159 173 2
159 176 3
159 180 3
159 182 3
159 187 3
159 189 3
159 193 3
159 196 3
160 166 4
160 167 2
160 168 2
160 172 2
160 175 6
160 178 4
160 179 1
160 181 3
160 183 3
160 184 4
160 185 5
160 186 1
160 188 3
160 190 4
160 191 4
160 192 6
160 194 1
160 197 5
160 199 1
160 200 3
161 166 3
161 167 2
161 168 2
161 172 2
161 175 3
161 178 3
161 179 1
161 181 3
161 183 3
161 184 3
161 185 3
161 186 1
161 188 3
161 190 3
161 191 3
161 192 3
161 194 1
161 197 3
161 199 1
161 200 3
163 166 4
163 167 2
163 168 2
163 172 2
163 175 6
163 178 4
163 179 1
163 181 3
163 183 3
163 184 4
163 185 5
163 186 1
163 188 3
163 190 4
163 191 4
163 192 6
163 194 1
163 197 5
163 199 1
163 200 3
164 166 4
164 167 2
164 168 2
164 172 2
164 175 6
164 178 4
164 179 1
164 181 3
164 183 3
164 184 4
164 185 5
164 186 1
164 188 3
164 190 4
164 191 4
164 192 6
164 194 1
164 197 5
164 199 1
164 200 3
165 166 4
165 167 2
165 168 2
165 172 2
165 175 4
165 178 4
165 179 1
165 181 3
165 183 3
165 184 4
165 185 4
165 186 1
165 188 3
165 190 4
165 191 4
165 192 4
165 194 1
165 197 4
165 199 1
165 200 3
166 169 4
166 170 4
166 171 3
166 173 2
166 176 4
166 180 4
166 182 4
166 187 4
166 189 3
166 193 4
166 196 4
167 169 2
167 170 2
167 171 2
167 173 2
167 176 2
167 180 2
167 182 2
167 187 2
167 189 2
167 193 2
167 196 2
168 169 2
168 170 2
168 171 2
168 173 2
168 176 2
168 180 2
168 182 2
168 187 2
168 189 2
168 193 2
168 196 2
169 172 2
169 175 6
169 178 4
169 179 1
169 181 3
169 183 3
169 184 4
169 185 5
169 186 1
169 188 3
169 190 4
169 191 4
169 192 7
169 194 1
169 197 5
169 199 1
169 200 3
170 172 2
170 175 6
170 178 4
170 179 1
170 181 3
170 183 3
170 184 4
170 185 5
170 186 1
170 188 3
170 190 4
170 191 4
170 192 6
170 194 1
170 197 5
170 199 1
170 200 3
171 172 2
171 175 3
171 178 3
171 179 1
171 181 3
171 183 3
171 184 3
171 185 3
171 186 1
171 188 3
171 190 3
171 191 3
171 192 3
171 194 1
171 197 3
171 199 1
171 200 3
172 173 2
172 176 2
172 180 2
172 182 2
172 187 2
172 189 2
172 193 2
172 196 2
173 175 2
173 178 2
173 179 1
173 181 2
173 183 2
173 184 2
173 185 2
173 186 1
173 188 2
173 190 2
173 191 2
173 192 2
173 194 1
173 197 2
173 199 1
173 200 2
175 176 5
175 180 4
175 182 5
175 187 4
175 189 3
175 193 6
175 196 4
176 178 4
176 179 1
176 181 3
176 183 3
176 184 4
176 185 5
176 186 1
176 188 3
176 190 4
176 191 4
176 192 5
176 194 1
176 197 5
176 199 1
176 200 3
178 180 4
178 182 4
178 187 4
178 189 3
178 193 4
178 196 4
179 180 1
179 182 1
179 187 1
179 189 1
179 193 1
179 196 1
180 181 3
180 183 3
180 184 4
180 185 4
180 186 1
180 188 3
180 190 4
180 191 4
180 192 4
180 194 1
180 197 4
180 199 1
180 200 3
181 182 3
181 187 3
181 189 3
181 193 3
181 196 3
182 183 3
182 184 4
182 185 5
182 186 1
182 188 3
182 190 4
182 191 4
182 192 5
182 194 1
182 197 5
182 199 1
182 200 3
183 187 3
183 189 3
183 193 3
183 196 3
184 187 4
184 189 3
184 193 4
184 196 4
185 187 4
185 189 3
185 193 5
185 196 4
186 187 1
186 189 1
186 193 1
186 196 1
187 188 3
187 190 4
187 191 4
187 192 4
187 194 1
187 197 4
187 199 1
187 200 3
188 189 3
188 193 3
188 196 3
189 190 3
189 191 3
189 192 3
189 194 1
189 197 3
189 199 1
189 200 3
190 193 4
190 196 4
191 193 4
191 196 4
192 193 7
192 196 4
193 194 1
193 197 5
193 199 1
193 200 3
194 196 1
196 197 4
196 199 1
196 200 3
