100 1925
7 5
3 13
13 2
14 5
1 8
1 6
13 11
7 5
15 3
15 2
4 5
14 4
11 12
10 5
13 8
13 11
4 15
15 1
9 5
6 1
12 6
6 2
9 4
6 8
6 12
9 1
2 14
12 12
11 6
1 15
13 5
10 1
12 2
8 5
6 5
5 3
3 2
11 11
5 8
10 2
4 3
2 5
8 13
2 10
10 9
9 7
14 11
14 10
12 14
6 9
3 2
3 5
3 13
15 14
5 9
15 9
3 8
13 11
6 6
12 15
15 6
14 5
8 4
6 11
2 11
4 5
4 7
1 6
11 1
4 8
1 10
1 11
2 5
13 14
3 9
6 2
6 4
13 5
14 3
15 1
5 11
12 8
9 12
5 4
4 15
11 12
9 3
7 10
15 4
9 2
4 6
3 10
9 7
14 7
9 6
14 5
1 10
4 9
7 8
4 2
1 2 1
1 11 2
1 13 3
1 17 2
1 24 3
1 25 3
1 27 1
1 39 2
1 42 1
1 43 3
1 44 1
1 49 3
1 50 3
1 52 1
1 53 1
1 55 2
1 57 1
1 60 3
1 64 3
1 65 1
1 66 2
1 67 2
1 70 2
1 73 1
1 74 3
1 75 1
1 81 2
1 83 3
1 85 2
1 86 3
1 88 3
1 91 2
1 92 1
1 98 2
1 99 3
2 3 1
2 4 1
2 7 1
2 8 1
2 9 1
2 10 1
2 12 1
2 14 1
2 15 1
2 16 1
2 18 1
2 19 1
2 20 1
2 21 1
2 22 1
2 23 1
2 26 1
2 29 1
2 31 1
2 32 1
2 33 1
2 34 1
2 35 1
2 36 1
2 37 1
2 40 1
2 41 1
2 45 1
2 46 1
2 47 1
2 48 1
2 51 1
2 54 1
2 56 1
2 58 1
2 61 1
2 62 1
2 63 1
2 69 1
2 76 1
2 77 1
2 78 1
2 79 1
2 80 1
2 82 1
2 84 1
2 87 1
2 89 1
2 90 1
2 93 1
2 94 1
2 95 1
2 96 1
2 100 1
3 11 2
3 13 5
3 17 2
3 24 3
3 25 3
3 27 1
3 39 2
3 42 1
3 43 4
3 44 1
3 49 6
3 50 3
3 52 1
3 53 1
3 55 2
3 57 1
3 60 6
3 64 3
3 65 1
3 66 2
3 67 2
3 70 2
3 73 1
3 74 6
3 75 1
3 81 2
3 83 4
3 85 2
3 86 5
3 88 3
3 91 2
3 92 1
3 98 2
3 99 3
4 11 2
4 13 5
4 17 2
4 24 3
4 25 3
4 27 1
4 39 2
4 42 1
4 43 4
4 44 1
4 49 6
4 50 3
4 52 1
4 53 1
4 55 2
4 57 1
4 60 6
4 64 3
4 65 1
4 66 2
4 67 2
4 70 2
4 73 1
4 74 6
4 75 1
4 81 2
4 83 4
4 85 2
4 86 5
4 88 3
4 91 2
4 92 1
4 98 2
4 99 3
7 11 2
7 13 5
7 17 2
7 24 3
7 25 3
7 27 1
7 39 2
7 42 1
7 43 4
7 44 1
7 49 6
7 50 3
7 52 1
7 53 1
7 55 2
7 57 1
7 60 6
7 64 3
7 65 1
7 66 2
7 67 2
7 70 2
7 73 1
7 74 6
7 75 1
7 81 2
7 83 4
7 85 2
7 86 5
7 88 3
7 91 2
7 92 1
7 98 2
7 99 3
8 11 2
8 13 3
8 17 2
8 24 3
8 25 3
8 27 1
8 39 2
8 42 1
8 43 3
8 44 1
8 49 3
8 50 3
8 52 1
8 53 1
8 55 2
8 57 1
8 60 3
8 64 3
8 65 1
8 66 2
8 67 2
8 70 2
8 73 1
8 74 3
8 75 1
8 81 2
8 83 3
8 85 2
8 86 3
8 88 3
8 91 2
8 92 1
8 98 2
8 99 3
9 11 2
9 13 5
9 17 2
9 24 3
9 25 3
9 27 1
9 39 2
9 42 1
9 43 4
9 44 1
9 49 6
9 50 3
9 52 1
9 53 1
9 55 2
9 57 1
9 60 6
9 64 3
9 65 1
9 66 2
9 67 2
9 70 2
9 73 1
9 74 6
9 75 1
9 81 2
9 83 4
9 85 2
9 86 5
9 88 3
9 91 2
9 92 1
9 98 2
9 99 3
10 11 2
10 13 5
10 17 2
10 24 3
10 25 3
10 27 1
10 39 2
10 42 1
10 43 4
10 44 1
10 49 6
10 50 3
10 52 1
10 53 1
10 55 2
10 57 1
10 60 6
10 64 3
10 65 1
10 66 2
10 67 2
10 70 2
10 73 1
10 74 6
10 75 1
10 81 2
10 83 4
10 85 2
10 86 5
10 88 3
10 91 2
10 92 1
10 98 2
10 99 3
11 12 2
11 14 2
11 15 2
11 16 2
11 18 2
11 19 2
11 20 2
11 21 2
11 22 2
11 23 2
11 26 2
11 29 2
11 31 2
11 32 2
11 33 2
11 34 2
11 35 2
11 36 2
11 37 1
11 40 2
11 41 2
11 45 2
11 46 2
11 47 2
11 48 2
11 51 1
11 54 2
11 56 2
11 58 2
11 61 2
11 62 2
11 63 2
11 69 2
11 76 2
11 77 2
11 78 2
11 79 2
11 80 2
11 82 2
11 84 2
11 87 2
11 89 2
11 90 2
11 93 2
11 94 2
11 95 2
11 96 2
11 100 2
12 13 5
12 17 2
12 24 3
12 25 3
12 27 1
12 39 2
12 42 1
12 43 4
12 44 1
12 49 6
12 50 3
12 52 1
12 53 1
12 55 2
12 57 1
12 60 6
12 64 3
12 65 1
12 66 2
12 67 2
12 70 2
12 73 1
12 74 6
12 75 1
12 81 2
12 83 4
12 85 2
12 86 5
12 88 3
12 91 2
12 92 1
12 98 2
12 99 3
13 14 5
13 15 5
13 16 5
13 18 5
13 19 4
13 20 3
13 21 5
13 22 3
13 23 4
13 26 4
13 29 5
13 31 5
13 32 5
13 33 5
13 34 4
13 35 3
13 36 2
13 37 1
13 40 5
13 41 2
13 45 5
13 46 4
13 47 5
13 48 5
13 51 1
13 54 5
13 56 5
13 58 5
13 61 5
13 62 5
13 63 4
13 69 5
13 76 3
13 77 3
13 78 5
13 79 5
13 80 5
13 82 5
13 84 2
13 87 4
13 89 5
13 90 4
13 93 4
13 94 5
13 95 4
13 96 5
13 100 2
14 17 2
14 24 3
14 25 3
14 27 1
14 39 2
14 42 1
14 43 4
14 44 1
14 49 5
14 50 3
14 52 1
14 53 1
14 55 2
14 57 1
14 60 5
14 64 3
14 65 1
14 66 2
14 67 2
14 70 2
14 73 1
14 74 5
14 75 1
14 81 2
14 83 4
14 85 2
14 86 5
14 88 3
14 91 2
14 92 1
14 98 2
14 99 3
15 17 2
15 24 3
15 25 3
15 27 1
15 39 2
15 42 1
15 43 4
15 44 1
15 49 6
15 50 3
15 52 1
15 53 1
15 55 2
15 57 1
15 60 6
15 64 3
15 65 1
15 66 2
15 67 2
15 70 2
15 73 1
15 74 6
15 75 1
15 81 2
15 83 4
15 85 2
15 86 5
15 88 3
15 91 2
15 92 1
15 98 2
15 99 3
16 17 2
16 24 3
16 25 3
16 27 1
16 39 2
16 42 1
16 43 4
16 44 1
16 49 6
16 50 3
16 52 1
16 53 1
16 55 2
16 57 1
16 60 6
16 64 3
16 65 1
16 66 2
16 67 2
16 70 2
16 73 1
16 74 6
16 75 1
16 81 2
16 83 4
16 85 2
16 86 5
16 88 3
16 91 2
16 92 1
16 98 2
16 99 3
17 18 2
17 19 2
17 20 2
17 21 2
17 22 2
17 23 2
17 26 2
17 29 2
17 31 2
17 32 2
17 33 2
17 34 2
17 35 2
17 36 2
17 37 1
17 40 2
17 41 2
17 45 2
17 46 2
17 47 2
17 48 2
17 51 1
17 54 2
17 56 2
17 58 2
17 61 2
17 62 2
17 63 2
17 69 2
17 76 2
17 77 2
17 78 2
17 79 2
17 80 2
17 82 2
17 84 2
17 87 2
17 89 2
17 90 2
17 93 2
17 94 2
17 95 2
17 96 2
17 100 2
18 24 3
18 25 3
18 27 1
18 39 2
18 42 1
18 43 4
18 44 1
18 49 6
18 50 3
18 52 1
18 53 1
18 55 2
18 57 1
18 60 6
18 64 3
18 65 1
18 66 2
18 67 2
18 70 2
18 73 1
18 74 6
18 75 1
18 81 2
18 83 4
18 85 2
18 86 5
18 88 3
18 91 2
18 92 1
18 98 2
18 99 3
19 24 3
19 25 3
19 27 1
19 39 2
19 42 1
19 43 4
19 44 1
19 49 4
19 50 3
19 52 1
19 53 1
19 55 2
19 57 1
19 60 4
19 64 3
19 65 1
19 66 2
19 67 2
19 70 2
19 73 1
19 74 4
19 75 1
19 81 2
19 83 4
19 85 2
19 86 4
19 88 3
19 91 2
19 92 1
19 98 2
19 99 3
20 24 3
20 25 3
20 27 1
20 39 2
20 42 1
20 43 3
20 44 1
20 49 3
20 50 3
20 52 1
20 53 1
20 55 2
20 57 1
20 60 3
20 64 3
20 65 1
20 66 2
20 67 2
20 70 2
20 73 1
20 74 3
20 75 1
20 81 2
20 83 3
20 85 2
20 86 3
20 88 3
20 91 2
20 92 1
20 98 2
20 99 3
21 24 3
21 25 3
21 27 1
21 39 2
21 42 1
21 43 4
21 44 1
21 49 6
21 50 3
21 52 1
21 53 1
21 55 2
21 57 1
21 60 6
21 64 3
21 65 1
21 66 2
21 67 2
21 70 2
21 73 1
21 74 6
21 75 1
21 81 2
21 83 4
21 85 2
21 86 5
21 88 3
21 91 2
21 92 1
21 98 2
21 99 3
22 24 3
22 25 3
22 27 1
22 39 2
22 42 1
22 43 3
22 44 1
22 49 3
22 50 3
22 52 1
22 53 1
22 55 2
22 57 1
22 60 3
22 64 3
22 65 1
22 66 2
22 67 2
22 70 2
22 73 1
22 74 3
22 75 1
22 81 2
22 83 3
22 85 2
22 86 3
22 88 3
22 91 2
22 92 1
22 98 2
22 99 3
23 24 3
23 25 3
23 27 1
23 39 2
23 42 1
23 43 4
23 44 1
23 49 4
23 50 3
23 52 1
23 53 1
23 55 2
23 57 1
23 60 4
23 64 3
23 65 1
23 66 2
23 67 2
23 70 2
23 73 1
23 74 4
23 75 1
23 81 2
23 83 4
23 85 2
23 86 4
23 88 3
23 91 2
23 92 1
23 98 2
23 99 3
24 26 3
24 29 3
24 31 3
24 32 3
24 33 3
24 34 3
24 35 3
24 36 2
24 37 1
24 40 3
24 41 2
24 45 3
24 46 3
24 47 3
24 48 3
24 51 1
24 54 3
24 56 3
24 58 3
24 61 3
24 62 3
24 63 3
24 69 3
24 76 3
24 77 3
24 78 3
24 79 3
24 80 3
24 82 3
24 84 2
24 87 3
24 89 3
24 90 3
24 93 3
24 94 3
24 95 3
24 96 3
24 100 2
25 26 3
25 29 3
25 31 3
25 32 3
25 33 3
25 34 3
25 35 3
25 36 2
25 37 1
25 40 3
25 41 2
25 45 3
25 46 3
25 47 3
25 48 3
25 51 1
25 54 3
25 56 3
25 58 3
25 61 3
25 62 3
25 63 3
25 69 3
25 76 3
25 77 3
25 78 3
25 79 3
25 80 3
25 82 3
25 84 2
25 87 3
25 89 3
25 90 3
25 93 3
25 94 3
25 95 3
25 96 3
25 100 2
26 27 1
26 39 2
26 42 1
26 43 4
26 44 1
26 49 4
26 50 3
26 52 1
26 53 1
26 55 2
26 57 1
26 60 4
26 64 3
26 65 1
26 66 2
26 67 2
26 70 2
26 73 1
26 74 4
26 75 1
26 81 2
26 83 4
26 85 2
26 86 4
26 88 3
26 91 2
26 92 1
26 98 2
26 99 3
27 29 1
27 31 1
27 32 1
27 33 1
27 34 1
27 35 1
27 36 1
27 37 1
27 40 1
27 41 1
27 45 1
27 46 1
27 47 1
27 48 1
27 51 1
27 54 1
27 56 1
27 58 1
27 61 1
27 62 1
27 63 1
27 69 1
27 76 1
27 77 1
27 78 1
27 79 1
27 80 1
27 82 1
27 84 1
27 87 1
27 89 1
27 90 1
27 93 1
27 94 1
27 95 1
27 96 1
27 100 1
29 39 2
29 42 1
29 43 4
29 44 1
29 49 5
29 50 3
29 52 1
29 53 1
29 55 2
29 57 1
29 60 5
29 64 3
29 65 1
29 66 2
29 67 2
29 70 2
29 73 1
29 74 5
29 75 1
29 81 2
29 83 4
29 85 2
29 86 5
29 88 3
29 91 2
29 92 1
29 98 2
29 99 3
31 39 2
31 42 1
31 43 4
31 44 1
31 49 6
31 50 3
31 52 1
31 53 1
31 55 2
31 57 1
31 60 6
31 64 3
31 65 1
31 66 2
31 67 2
31 70 2
31 73 1
31 74 6
31 75 1
31 81 2
31 83 4
31 85 2
31 86 5
31 88 3
31 91 2
31 92 1
31 98 2
31 99 3
32 39 2
32 42 1
32 43 4
32 44 1
32 49 5
32 50 3
32 52 1
32 53 1
32 55 2
32 57 1
32 60 5
32 64 3
32 65 1
32 66 2
32 67 2
32 70 2
32 73 1
32 74 5
32 75 1
32 81 2
32 83 4
32 85 2
32 86 5
32 88 3
32 91 2
32 92 1
32 98 2
32 99 3
33 39 2
33 42 1
33 43 4
33 44 1
33 49 6
33 50 3
33 52 1
33 53 1
33 55 2
33 57 1
33 60 6
33 64 3
33 65 1
33 66 2
33 67 2
33 70 2
33 73 1
33 74 6
33 75 1
33 81 2
33 83 4
33 85 2
33 86 5
33 88 3
33 91 2
33 92 1
33 98 2
33 99 3
34 39 2
34 42 1
34 43 4
34 44 1
34 49 4
34 50 3
34 52 1
34 53 1
34 55 2
34 57 1
34 60 4
34 64 3
34 65 1
34 66 2
34 67 2
34 70 2
34 73 1
34 74 4
34 75 1
34 81 2
34 83 4
34 85 2
34 86 4
34 88 3
34 91 2
34 92 1
34 98 2
34 99 3
35 39 2
35 42 1
35 43 3
35 44 1
35 49 3
35 50 3
35 52 1
35 53 1
35 55 2
35 57 1
35 60 3
35 64 3
35 65 1
35 66 2
35 67 2
35 70 2
35 73 1
35 74 3
35 75 1
35 81 2
35 83 3
35 85 2
35 86 3
35 88 3
35 91 2
35 92 1
35 98 2
35 99 3
36 39 2
36 42 1
36 43 2
36 44 1
36 49 2
36 50 2
36 52 1
36 53 1
36 55 2
36 57 1
36 60 2
36 64 2
36 65 1
36 66 2
36 67 2
36 70 2
36 73 1
36 74 2
36 75 1
36 81 2
36 83 2
36 85 2
36 86 2
36 88 2
36 91 2
36 92 1
36 98 2
36 99 2
37 39 1
37 42 1
37 43 1
37 44 1
37 49 1
37 50 1
37 52 1
37 53 1
37 55 1
37 57 1
37 60 1
37 64 1
37 65 1
37 66 1
37 67 1
37 70 1
37 73 1
37 74 1
37 75 1
37 81 1
37 83 1
37 85 1
37 86 1
37 88 1
37 91 1
37 92 1
37 98 1
37 99 1
39 40 2
39 41 2
39 45 2
39 46 2
39 47 2
39 48 2
39 51 1
39 54 2
39 56 2
39 58 2
39 61 2
39 62 2
39 63 2
39 69 2
39 76 2
39 77 2
39 78 2
39 79 2
39 80 2
39 82 2
39 84 2
39 87 2
39 89 2
39 90 2
39 93 2
39 94 2
39 95 2
39 96 2
39 100 2
40 42 1
40 43 4
40 44 1
40 49 5
40 50 3
40 52 1
40 53 1
40 55 2
40 57 1
40 60 5
40 64 3
40 65 1
40 66 2
40 67 2
40 70 2
40 73 1
40 74 5
40 75 1
40 81 2
40 83 4
40 85 2
40 86 5
40 88 3
40 91 2
40 92 1
40 98 2
40 99 3
41 42 1
41 43 2
41 44 1
41 49 2
41 50 2
41 52 1
41 53 1
41 55 2
41 57 1
41 60 2
41 64 2
41 65 1
41 66 2
41 67 2
41 70 2
41 73 1
41 74 2
41 75 1
41 81 2
41 83 2
41 85 2
41 86 2
41 88 2
41 91 2
41 92 1
41 98 2
41 99 2
42 45 1
42 46 1
42 47 1
42 48 1
42 51 1
42 54 1
42 56 1
42 58 1
42 61 1
42 62 1
42 63 1
42 69 1
42 76 1
42 77 1
42 78 1
42 79 1
42 80 1
42 82 1
42 84 1
42 87 1
42 89 1
42 90 1
42 93 1
42 94 1
42 95 1
42 96 1
42 100 1
43 45 4
43 46 4
43 47 4
43 48 4
43 51 1
43 54 4
43 56 4
43 58 4
43 61 4
43 62 4
43 63 4
43 69 4
43 76 3
43 77 3
43 78 4
43 79 4
43 80 4
43 82 4
43 84 2
43 87 4
43 89 4
43 90 4
43 93 4
43 94 4
43 95 4
43 96 4
43 100 2
44 45 1
44 46 1
44 47 1
44 48 1
44 51 1
44 54 1
44 56 1
44 58 1
44 61 1
44 62 1
44 63 1
44 69 1
44 76 1
44 77 1
44 78 1
44 79 1
44 80 1
44 82 1
44 84 1
44 87 1
44 89 1
44 90 1
44 93 1
44 94 1
44 95 1
44 96 1
44 100 1
45 49 5
45 50 3
45 52 1
45 53 1
45 55 2
45 57 1
45 60 5
45 64 3
45 65 1
45 66 2
45 67 2
45 70 2
45 73 1
45 74 5
45 75 1
45 81 2
45 83 4
45 85 2
45 86 5
45 88 3
45 91 2
45 92 1
45 98 2
45 99 3
46 49 4
46 50 3
46 52 1
46 53 1
46 55 2
46 57 1
46 60 4
46 64 3
46 65 1
46 66 2
46 67 2
46 70 2
46 73 1
46 74 4
46 75 1
46 81 2
46 83 4
46 85 2
46 86 4
46 88 3
46 91 2
46 92 1
46 98 2
46 99 3
47 49 6
47 50 3
47 52 1
47 53 1
47 55 2
47 57 1
47 60 6
47 64 3
47 65 1
47 66 2
47 67 2
47 70 2
47 73 1
47 74 6
47 75 1
47 81 2
47 83 4
47 85 2
47 86 5
47 88 3
47 91 2
47 92 1
47 98 2
47 99 3
48 49 6
48 50 3
48 52 1
48 53 1
48 55 2
48 57 1
48 60 6
48 64 3
48 65 1
48 66 2
48 67 2
48 70 2
48 73 1
48 74 6
48 75 1
48 81 2
48 83 4
48 85 2
48 86 5
48 88 3
48 91 2
48 92 1
48 98 2
48 99 3
49 51 1
49 54 6
49 56 6
49 58 6
49 61 6
49 62 6
49 63 4
49 69 5
49 76 3
49 77 3
49 78 6
49 79 6
49 80 6
49 82 6
49 84 2
49 87 4
49 89 6
49 90 4
49 93 4
49 94 6
49 95 4
49 96 6
49 100 2
50 51 1
50 54 3
50 56 3
50 58 3
50 61 3
50 62 3
50 63 3
50 69 3
50 76 3
50 77 3
50 78 3
50 79 3
50 80 3
50 82 3
50 84 2
50 87 3
50 89 3
50 90 3
50 93 3
50 94 3
50 95 3
50 96 3
50 100 2
51 52 1
51 53 1
51 55 1
51 57 1
51 60 1
51 64 1
51 65 1
51 66 1
51 67 1
51 70 1
51 73 1
51 74 1
51 75 1
51 81 1
51 83 1
51 85 1
51 86 1
51 88 1
51 91 1
51 92 1
51 98 1
51 99 1
52 54 1
52 56 1
52 58 1
52 61 1
52 62 1
52 63 1
52 69 1
52 76 1
52 77 1
52 78 1
52 79 1
52 80 1
52 82 1
52 84 1
52 87 1
52 89 1
52 90 1
52 93 1
52 94 1
52 95 1
52 96 1
52 100 1
53 54 1
53 56 1
53 58 1
53 61 1
53 62 1
53 63 1
53 69 1
53 76 1
53 77 1
53 78 1
53 79 1
53 80 1
53 82 1
53 84 1
53 87 1
53 89 1
53 90 1
53 93 1
53 94 1
53 95 1
53 96 1
53 100 1
54 55 2
54 57 1
54 60 6
54 64 3
54 65 1
54 66 2
54 67 2
54 70 2
54 73 1
54 74 6
54 75 1
54 81 2
54 83 4
54 85 2
54 86 5
54 88 3
54 91 2
54 92 1
54 98 2
54 99 3
55 56 2
55 58 2
55 61 2
55 62 2
55 63 2
55 69 2
55 76 2
55 77 2
55 78 2
55 79 2
55 80 2
55 82 2
55 84 2
55 87 2
55 89 2
55 90 2
55 93 2
55 94 2
55 95 2
55 96 2
55 100 2
56 57 1
56 60 6
56 64 3
56 65 1
56 66 2
56 67 2
56 70 2
56 73 1
56 74 6
56 75 1
56 81 2
56 83 4
56 85 2
56 86 5
56 88 3
56 91 2
56 92 1
56 98 2
56 99 3
57 58 1
57 61 1
57 62 1
57 63 1
57 69 1
57 76 1
57 77 1
57 78 1
57 79 1
57 80 1
57 82 1
57 84 1
57 87 1
57 89 1
57 90 1
57 93 1
57 94 1
57 95 1
57 96 1
57 100 1
58 60 6
58 64 3
58 65 1
58 66 2
58 67 2
58 70 2
58 73 1
58 74 6
58 75 1
58 81 2
58 83 4
58 85 2
58 86 5
58 88 3
58 91 2
58 92 1
58 98 2
58 99 3
60 61 6
60 62 6
60 63 4
60 69 5
60 76 3
60 77 3
60 78 6
60 79 6
60 80 6
60 82 6
60 84 2
60 87 4
60 89 6
60 90 4
60 93 4
60 94 6
60 95 4
60 96 6
60 100 2
61 64 3
61 65 1
61 66 2
61 67 2
61 70 2
61 73 1
61 74 6
61 75 1
61 81 2
61 83 4
61 85 2
61 86 5
61 88 3
61 91 2
61 92 1
61 98 2
61 99 3
62 64 3
62 65 1
62 66 2
62 67 2
62 70 2
62 73 1
62 74 6
62 75 1
62 81 2
62 83 4
62 85 2
62 86 5
62 88 3
62 91 2
62 92 1
62 98 2
62 99 3
63 64 3
63 65 1
63 66 2
63 67 2
63 70 2
63 73 1
63 74 4
63 75 1
63 81 2
63 83 4
63 85 2
63 86 4
63 88 3
63 91 2
63 92 1
63 98 2
63 99 3
64 69 3
64 76 3
64 77 3
64 78 3
64 79 3
64 80 3
64 82 3
64 84 2
64 87 3
64 89 3
64 90 3
64 93 3
64 94 3
64 95 3
64 96 3
64 100 2
65 69 1
65 76 1
65 77 1
65 78 1
65 79 1
65 80 1
65 82 1
65 84 1
65 87 1
65 89 1
65 90 1
65 93 1
65 94 1
65 95 1
65 96 1
65 100 1
66 69 2
66 76 2
66 77 2
66 78 2
66 79 2
66 80 2
66 82 2
66 84 2
66 87 2
66 89 2
66 90 2
66 93 2
66 94 2
66 95 2
66 96 2
66 100 2
67 69 2
67 76 2
67 77 2
67 78 2
67 79 2
67 80 2
67 82 2
67 84 2
67 87 2
67 89 2
67 90 2
67 93 2
67 94 2
67 95 2
67 96 2
67 100 2
69 70 2
69 73 1
69 74 5
69 75 1
69 81 2
69 83 4
69 85 2
69 86 5
69 88 3
69 91 2
69 92 1
69 98 2
69 99 3
70 76 2
70 77 2
70 78 2
70 79 2
70 80 2
70 82 2
70 84 2
70 87 2
70 89 2
70 90 2
70 93 2
70 94 2
70 95 2
70 96 2
70 100 2
73 76 1
73 77 1
73 78 1
73 79 1
73 80 1
73 82 1
73 84 1
73 87 1
73 89 1
73 90 1
73 93 1
73 94 1
73 95 1
73 96 1
73 100 1
74 76 3
74 77 3
74 78 6
74 79 6
74 80 6
74 82 6
74 84 2
74 87 4
74 89 6
74 90 4
74 93 4
74 94 6
74 95 4
74 96 6
74 100 2
75 76 1
75 77 1
75 78 1
75 79 1
75 80 1
75 82 1
75 84 1
75 87 1
75 89 1
75 90 1
75 93 1
75 94 1
75 95 1
75 96 1
75 100 1
76 81 2
76 83 3
76 85 2
76 86 3
76 88 3
76 91 2
76 92 1
76 98 2
76 99 3
77 81 2
77 83 3
77 85 2
77 86 3
77 88 3
77 91 2
77 92 1
77 98 2
77 99 3
78 81 2
78 83 4
78 85 2
78 86 5
78 88 3
78 91 2
78 92 1
78 98 2
78 99 3
79 81 2
79 83 4
79 85 2
79 86 5
79 88 3
79 91 2
79 92 1
79 98 2
79 99 3
80 81 2
80 83 4
80 85 2
80 86 5
80 88 3
80 91 2
80 92 1
80 98 2
80 99 3
81 82 2
81 84 2
81 87 2
81 89 2
81 90 2
81 93 2
81 94 2
81 95 2
81 96 2
81 100 2
82 83 4
82 85 2
82 86 5
82 88 3
82 91 2
82 92 1
82 98 2
82 99 3
83 84 2
83 87 4
83 89 4
83 90 4
83 93 4
83 94 4
83 95 4
83 96 4
83 100 2
84 85 2
84 86 2
84 88 2
84 91 2
84 92 1
84 98 2
84 99 2
85 87 2
85 89 2
85 90 2
85 93 2
85 94 2
85 95 2
85 96 2
85 100 2
86 87 4
86 89 5
86 90 4
86 93 4
86 94 5
86 95 4
86 96 5
86 100 2
87 88 3
87 91 2
87 92 1
87 98 2
87 99 3
88 89 3
88 90 3
88 93 3
88 94 3
88 95 3
88 96 3
88 100 2
89 91 2
89 92 1
89 98 2
89 99 3
90 91 2
90 92 1
90 98 2
90 99 3
91 93 2
91 94 2
91 95 2
91 96 2
91 100 2
92 93 1
92 94 1
92 95 1
92 96 1
92 100 1
93 98 2
93 99 3
94 98 2
94 99 3
95 98 2
95 99 3
96 98 2
96 99 3
98 100 2
99 100 2
